-0.892	-0.39032	-0.686	0.189	-0.152	-0.014	-0.468	0.005	-0.488	-0.237	0.142	0.011	0.168	-0.707	-0.704	0.209	0.055	-0.533	-0.704	-0.205	-0.448	-0.276	-0.312	-0.773	-0.375	-0.503	-0.099	-0.484	-0.882	-0.552	-0.425	-0.581	-0.825	0.082	-0.145	-0.425	0.202	-0.402	-0.122	-0.605	-0.218	0.001	-0.889	-0.872	-0.575	-0.489	-0.539	-0.388	-0.209	-0.601	0.016	-0.396	-0.553	-0.567	-0.533	-0.472	-0.312	-0.328	0.09	-0.148	0.629	-0.292	-0.199	0.058	-0.52	-0.205	-0.091767	-0.18763	-0.075841	-0.11705	-0.14351
-1.116	-0.449425	-0.866	0.191	-0.174	0.021	-0.582	-0.02	-0.585	-0.272	0.174	-0.031	0.165	-0.921	-0.927	0.224	0.032	-0.695	-0.811	-0.215	-0.618	-0.317	-0.431	-0.966	-0.489	-0.601	-0.087	-0.531	-1.065	-0.698	-0.698	-0.744	-1.059	0.113	-0.167	-0.535	0.192	-0.543	-0.153	-0.979	-0.327	0.035	-1.146	-1.162	-0.708	-0.624	-0.614	-0.457	-0.277	-0.717	0.009	-0.519	-0.695	-0.72	-0.79	-0.613	-0.442	-0.435	0.114	-0.205	0.793	-0.362	-0.229	0.067	-0.678	-0.271	-0.10919	-0.2539	-0.13528	-0.12456	-0.16742
-1.296	-0.525991	-1.066	0.206	-0.272	0.086	-0.678	-0.054	-0.678	-0.32	0.198	-0.059	0.19	-1.184	-1.139	0.255	0.013	-0.914	-0.916	-0.236	-0.772	-0.372	-0.56	-1.193	-0.618	-0.706	-0.108	-0.53	-1.278	-0.869	-1.001	-0.952	-1.307	0.177	-0.142	-0.685	0.156	-0.631	-0.209	-1.144	-0.446	0.049	-1.479	-1.525	-0.873	-0.77	-0.701	-0.528	-0.361	-0.84	-0.01	-0.634	-0.835	-0.897	-1.044	-0.772	-0.58	-0.553	0.123	-0.274	0.974	-0.429	-0.258	0.073	-0.852	-0.319	-0.13224	-0.30934	-0.18338	-0.11322	-0.20448
-1.53	-0.626752	-1.31	0.213	-0.38	0.17	-0.803	-0.115	-0.763	-0.394	0.25	-0.06	0.237	-1.482	-1.377	0.264	-0.008	-1.097	-1.053	-0.259	-0.965	-0.426	-0.7	-1.434	-0.771	-0.816	-0.092	-0.585	-1.529	-1.054	-1.231	-1.201	-1.655	0.249	-0.124	-0.84	0.111	-0.73	-0.288	-1.708	-0.606	0.042	-1.732	-1.895	-1.069	-0.925	-0.931	-0.612	-0.458	-0.98	-0.033	-0.787	-1.018	-1.059	-1.298	-0.948	-0.763	-0.639	0.088	-0.385	1.153	-0.496	-0.299	0.062	-1.05	-0.414	-0.15198	-0.33929	-0.20302	-0.14344	-0.23268
-1.784	-0.737343	-1.584	0.221	-0.478	0.273	-0.944	-0.151	-0.875	-0.499	0.271	-0.03	0.309	-1.85	-1.7	0.256	-0.026	-1.286	-1.223	-0.295	-1.212	-0.499	-0.911	-1.736	-0.958	-0.934	-0.164	-0.65	-1.838	-1.283	-1.474	-1.514	-2.026	0.281	-0.112	-1.017	0.098	-0.827	-0.395	-2.112	-0.794	0.031	-2.103	-2.321	-1.264	-1.099	-1.087	-0.699	-0.591	-1.133	-0.037	-0.969	-1.24	-1.244	-1.618	-1.129	-0.935	-0.774	0.039	-0.546	1.347	-0.568	-0.344	0.061	-1.214	-0.505	-0.18649	-0.33996	-0.23544	-0.2108	-0.27481
-2.028	-0.884211	-1.915	0.247	-0.599	0.389	-1.113	-0.18	-0.936	-0.607	0.224	0.004	0.402	-2.267	-2.096	0.245	-0.056	-1.499	-1.459	-0.354	-1.47	-0.579	-1.087	-2.065	-1.149	-1.065	-0.259	-0.769	-2.192	-1.536	-1.641	-1.866	-2.505	0.307	-0.142	-1.206	0.031	-0.935	-0.532	-2.311	-1.03	-0.002	-2.499	-2.825	-1.498	-1.257	-1.211	-0.798	-0.743	-1.309	-0.054	-1.198	-1.456	-1.458	-1.939	-1.365	-1.148	-0.903	-0.038	-0.752	1.578	-0.652	-0.392	0.092	-1.453	-0.612	-0.20549	-0.39909	-0.25712	-0.25554	-0.32852
-2.297	-1.08717	-2.147	0.297	-0.734	0.582	-1.306	-0.2	-0.995	-0.69	0.182	-0.012	0.484	-2.74	-2.512	0.235	-0.102	-1.701	-1.711	-0.438	-1.733	-0.667	-1.348	-2.428	-1.377	-1.209	-0.334	-0.892	-2.603	-1.807	-1.873	-2.259	-3.044	0.353	-0.162	-1.429	-0.035	-1.034	-0.669	-2.699	-1.291	-0.079	-2.925	-3.361	-1.741	-1.487	-1.356	-0.939	-0.925	-1.519	-0.068	-1.429	-1.713	-1.686	-2.31	-1.574	-1.351	-1.051	-0.133	-1.006	1.813	-0.748	-0.439	0.156	-1.747	-0.704	-0.22139	-0.43477	-0.30032	-0.28733	-0.36834
-2.637	-1.29747	-2.421	0.343	-0.902	0.791	-1.524	-0.23	-1.085	-0.8	0.101	-0.116	0.491	-3.239	-3.013	0.23	-0.164	-1.899	-2.004	-0.535	-2.071	-0.808	-1.665	-2.817	-1.627	-1.389	-0.448	-1.053	-3.042	-2.079	-2.208	-2.71	-3.594	0.349	-0.178	-1.645	-0.13	-1.156	-0.826	-3.161	-1.577	-0.174	-3.508	-3.952	-2.008	-1.705	-1.488	-1.126	-1.147	-1.757	-0.085	-1.682	-2.006	-1.979	-2.665	-1.813	-1.582	-1.191	-0.261	-1.267	2.063	-0.859	-0.477	0.253	-2.041	-0.801	-0.24352	-0.53813	-0.34233	-0.27197	-0.41209
-2.989	-1.49647	-2.666	0.374	-1.124	1.017	-1.764	-0.326	-1.153	-0.896	-0.007	-0.231	0.477	-3.796	-3.532	0.231	-0.246	-2.077	-2.296	-0.63	-2.413	-0.98	-1.998	-3.222	-1.91	-1.546	-0.574	-1.227	-3.509	-2.355	-2.636	-3.213	-4.156	0.298	-0.211	-1.892	-0.291	-1.227	-0.981	-3.629	-1.904	-0.311	-4.15	-4.626	-2.289	-2.004	-1.704	-1.342	-1.328	-2.013	-0.104	-1.905	-2.328	-2.276	-2.951	-2.068	-1.846	-1.333	-0.402	-1.537	2.227	-0.984	-0.526	0.329	-2.367	-0.928	-0.26635	-0.61745	-0.37076	-0.2722	-0.45402
-3.358	-1.70987	-2.882	0.37	-1.38	1.243	-2.029	-0.447	-1.269	-1.014	-0.073	-0.377	0.41	-4.365	-3.924	0.245	-0.354	-2.224	-2.59	-0.731	-2.786	-1.179	-2.312	-3.645	-2.222	-1.696	-0.686	-1.396	-3.997	-2.673	-3.007	-3.731	-4.738	0.187	-0.254	-2.123	-0.479	-1.343	-1.101	-4.234	-2.228	-0.489	-4.827	-5.337	-2.611	-2.346	-2.065	-1.619	-1.456	-2.275	-0.142	-2.143	-2.655	-2.618	-3.326	-2.311	-2.161	-1.446	-0.58	-1.817	2.244	-1.118	-0.577	0.395	-2.694	-1.062	-0.3028	-0.69894	-0.3562	-0.29097	-0.46847
-3.78	-1.89296	-3.179	0.337	-1.641	1.459	-2.3	-0.621	-1.381	-1.172	-0.193	-0.517	0.279	-4.944	-4.582	0.277	-0.45	-2.284	-2.874	-0.853	-3.16	-1.398	-2.712	-4.065	-2.575	-1.828	-0.848	-1.594	-4.496	-2.99	-3.37	-4.272	-5.326	0.032	-0.269	-2.369	-0.668	-1.498	-1.189	-4.752	-2.488	-0.676	-5.461	-6.02	-2.923	-2.689	-2.333	-1.866	-1.53	-2.507	-0.199	-2.395	-2.969	-2.99	-3.67	-2.477	-2.451	-1.614	-0.761	-2.081	2.143	-1.27	-0.631	0.405	-3.001	-1.189	-0.33201	-0.72134	-0.37547	-0.31891	-0.50269
-4.21	-2.10963	-3.405	0.263	-1.886	1.593	-2.571	-0.82	-1.491	-1.326	-0.363	-0.664	0.158	-5.528	-5.154	0.311	-0.535	-2.35	-3.126	-0.981	-3.544	-1.593	-3.083	-4.453	-2.939	-1.986	-1.029	-1.86	-4.964	-3.297	-3.633	-4.819	-5.962	-0.162	-0.333	-2.615	-0.912	-1.678	-1.254	-5.23	-2.667	-0.87	-6.032	-6.651	-3.249	-2.991	-2.601	-2.079	-1.541	-2.711	-0.288	-2.661	-3.234	-3.339	-3.964	-2.616	-2.709	-1.774	-0.961	-2.334	1.893	-1.413	-0.678	0.426	-3.32	-1.322	-0.34829	-0.78623	-0.35741	-0.30214	-0.58437
-4.628	-2.33825	-3.658	0.179	-2.121	1.68	-2.819	-1.075	-1.609	-1.486	-0.541	-0.833	0	-6.103	-5.643	0.341	-0.614	-2.405	-3.375	-1.133	-3.885	-1.771	-3.443	-4.81	-3.303	-2.151	-1.228	-2.183	-5.423	-3.611	-3.865	-5.346	-6.569	-0.365	-0.36	-2.861	-1.139	-1.847	-1.305	-5.74	-2.797	-1.082	-6.512	-7.187	-3.533	-3.265	-2.858	-2.28	-1.545	-2.889	-0.415	-2.892	-3.485	-3.649	-4.238	-2.706	-2.938	-1.941	-1.171	-2.52	1.584	-1.56	-0.732	0.392	-3.652	-1.365	-0.35858	-0.86155	-0.38767	-0.33513	-0.63902
-4.977	-2.56717	-3.835	0.07	-2.382	1.675	-3.066	-1.299	-1.769	-1.654	-0.733	-0.992	-0.226	-6.618	-5.956	0.349	-0.707	-2.489	-3.579	-1.31	-4.212	-1.952	-3.758	-5.116	-3.643	-2.359	-1.442	-2.565	-5.824	-3.907	-4.104	-5.822	-7.115	-0.562	-0.429	-3.075	-1.317	-2.045	-1.33	-6.156	-2.86	-1.283	-6.974	-7.639	-3.783	-3.497	-3.102	-2.436	-1.573	-3.039	-0.572	-3.08	-3.723	-3.937	-4.468	-2.824	-3.138	-2.123	-1.395	-2.644	1.185	-1.7	-0.797	0.328	-3.923	-1.425	-0.37308	-0.95589	-0.45411	-0.37825	-0.70015
-5.233	-2.74302	-3.945	-0.085	-2.665	1.612	-3.285	-1.526	-1.922	-1.8	-0.939	-1.176	-0.476	-7.083	-6.278	0.34	-0.832	-2.584	-3.774	-1.451	-4.51	-2.095	-4.033	-5.379	-3.956	-2.568	-1.677	-3.025	-6.159	-4.177	-4.282	-6.238	-7.591	-0.761	-0.504	-3.259	-1.467	-2.242	-1.333	-6.507	-2.955	-1.479	-7.346	-8.054	-3.967	-3.791	-3.272	-2.581	-1.582	-3.169	-0.736	-3.213	-3.931	-4.135	-4.619	-2.911	-3.37	-2.286	-1.624	-2.716	0.709	-1.843	-0.879	0.242	-4.176	-1.476	-0.38752	-1.0295	-0.48901	-0.43679	-0.76542
-5.42	-2.90865	-4.005	-0.262	-2.946	1.533	-3.481	-1.73	-2.094	-1.947	-1.132	-1.344	-0.7	-7.485	-6.452	0.289	-0.996	-2.645	-3.926	-1.61	-4.797	-2.196	-4.184	-5.608	-4.236	-2.8	-1.982	-3.409	-6.431	-4.48	-4.382	-6.579	-7.995	-0.994	-0.602	-3.392	-1.605	-2.432	-1.318	-6.743	-3.066	-1.711	-7.667	-8.377	-4.104	-4.041	-3.543	-2.687	-1.563	-3.28	-0.908	-3.312	-4.105	-4.363	-4.719	-2.974	-3.597	-2.415	-1.854	-2.724	0.148	-1.973	-0.981	0.138	-4.42	-1.493	-0.4109	-1.1009	-0.45248	-0.43832	-0.81479
-5.566	-3.04458	-4.124	-0.454	-3.223	1.437	-3.617	-1.921	-2.226	-2.098	-1.336	-1.501	-0.934	-7.791	-6.804	0.179	-1.153	-2.659	-4.026	-1.757	-5.002	-2.25	-4.31	-5.781	-4.467	-3.047	-2.306	-3.736	-6.624	-4.746	-4.477	-6.855	-8.321	-1.188	-0.659	-3.489	-1.729	-2.647	-1.31	-6.733	-3.164	-1.941	-7.891	-8.578	-4.191	-4.271	-3.773	-2.778	-1.525	-3.382	-1.073	-3.417	-4.236	-4.578	-4.73	-2.988	-3.782	-2.514	-2.092	-2.664	-0.458	-2.097	-1.084	0.025	-4.634	-1.494	-0.43873	-1.1324	-0.44903	-0.43858	-0.87649
-5.665	-3.16554	-4.141	-0.653	-3.439	1.313	-3.695	-2.09	-2.361	-2.264	-1.509	-1.697	-1.155	-8.032	-6.978	0.046	-1.294	-2.656	-4.06	-1.875	-5.166	-2.254	-4.364	-5.888	-4.646	-3.314	-2.604	-4.049	-6.725	-4.955	-4.436	-7.067	-8.556	-1.356	-0.751	-3.536	-1.904	-2.851	-1.3	-6.75	-3.265	-2.169	-8.036	-8.663	-4.211	-4.461	-3.985	-2.845	-1.48	-3.486	-1.231	-3.501	-4.347	-4.726	-4.713	-3.014	-3.888	-2.592	-2.335	-2.557	-1.105	-2.189	-1.214	-0.077	-4.78	-1.47	-0.46782	-1.2168	-0.4408	-0.39685	-0.92469
-5.756	-3.20977	-4.169	-0.832	-3.604	1.163	-3.767	-2.314	-2.462	-2.435	-1.626	-1.863	-1.346	-8.203	-6.938	-0.119	-1.409	-2.7	-4.092	-1.964	-5.25	-2.21	-4.352	-5.952	-4.765	-3.533	-2.823	-4.318	-6.777	-5.1	-4.328	-7.182	-8.709	-1.511	-0.834	-3.546	-2.083	-3.02	-1.293	-6.797	-3.352	-2.383	-8.074	-8.66	-4.151	-4.583	-4.115	-2.893	-1.432	-3.578	-1.388	-3.566	-4.444	-4.841	-4.724	-3.079	-3.933	-2.641	-2.547	-2.374	-1.724	-2.258	-1.364	-0.214	-4.902	-1.397	-0.47646	-1.3196	-0.40489	-0.40313	-0.97354
-5.77	-3.23939	-4.225	-0.987	-3.753	0.973	-3.837	-2.475	-2.581	-2.608	-1.737	-1.992	-1.56	-8.301	-6.812	-0.294	-1.529	-2.771	-4.057	-2.012	-5.317	-2.143	-4.315	-5.953	-4.826	-3.752	-2.994	-4.521	-6.747	-5.181	-4.242	-7.21	-8.772	-1.648	-0.953	-3.527	-2.22	-3.215	-1.255	-6.778	-3.393	-2.571	-8.078	-8.567	-4.042	-4.658	-4.233	-2.93	-1.415	-3.665	-1.534	-3.602	-4.489	-4.908	-4.707	-3.136	-3.961	-2.715	-2.738	-2.138	-2.273	-2.299	-1.534	-0.368	-4.993	-1.365	-0.49615	-1.3693	-0.42266	-0.39524	-1.0265
-5.751	-3.24439	-4.242	-1.143	-3.925	0.76	-3.889	-2.582	-2.708	-2.737	-1.805	-2.119	-1.768	-8.322	-6.724	-0.435	-1.617	-2.875	-4.048	-2.048	-5.353	-2.061	-4.289	-5.915	-4.87	-3.934	-3.102	-4.77	-6.668	-5.231	-4.114	-7.18	-8.765	-1.771	-1.049	-3.484	-2.271	-3.391	-1.209	-6.662	-3.437	-2.713	-7.981	-8.456	-3.873	-4.753	-4.273	-2.947	-1.414	-3.737	-1.661	-3.633	-4.512	-4.922	-4.705	-3.211	-3.984	-2.798	-2.897	-1.859	-2.713	-2.331	-1.688	-0.539	-5.013	-1.327	-0.5282	-1.4002	-0.41461	-0.47064	-1.0532
-5.719	-3.25036	-4.226	-1.288	-4.049	0.567	-3.944	-2.689	-2.82	-2.855	-1.885	-2.221	-1.961	-8.285	-6.628	-0.538	-1.67	-2.992	-4.056	-2.075	-5.375	-1.987	-4.198	-5.842	-4.88	-4.058	-3.203	-4.891	-6.557	-5.273	-4.05	-7.103	-8.736	-1.876	-1.148	-3.458	-2.311	-3.528	-1.167	-6.658	-3.479	-2.877	-7.819	-8.275	-3.686	-4.736	-4.264	-2.928	-1.409	-3.791	-1.76	-3.645	-4.521	-4.941	-4.644	-3.238	-3.977	-2.899	-3.02	-1.58	-3.081	-2.348	-1.859	-0.782	-5.062	-1.293	-0.55664	-1.4067	-0.45683	-0.50408	-1.079
-5.644	-3.24618	-4.296	-1.432	-4.182	0.392	-3.944	-2.757	-2.906	-2.931	-1.955	-2.286	-2.102	-8.182	-6.526	-0.635	-1.688	-3.097	-4.047	-2.07	-5.343	-1.933	-4.081	-5.757	-4.856	-4.16	-3.29	-5.002	-6.409	-5.28	-4.034	-6.997	-8.714	-1.871	-1.194	-3.449	-2.29	-3.649	-1.114	-6.329	-3.492	-3.014	-7.688	-8.073	-3.523	-4.688	-4.273	-2.907	-1.379	-3.827	-1.827	-3.651	-4.535	-4.918	-4.548	-3.212	-3.947	-2.953	-3.135	-1.288	-3.379	-2.367	-2.025	-1.01	-5.058	-1.294	-0.60128	-1.4241	-0.48025	-0.53295	-1.1196
-5.568	-3.24443	-4.362	-1.552	-4.275	0.236	-3.949	-2.748	-2.952	-2.981	-1.963	-2.335	-2.224	-8.067	-6.353	-0.673	-1.7	-3.19	-4.052	-2.035	-5.315	-1.853	-3.949	-5.663	-4.785	-4.22	-3.298	-5.1	-6.24	-5.264	-3.917	-6.861	-8.673	-1.816	-1.233	-3.466	-2.264	-3.735	-1.052	-6.302	-3.541	-3.129	-7.536	-7.879	-3.375	-4.604	-4.291	-2.9	-1.334	-3.835	-1.869	-3.633	-4.523	-4.87	-4.414	-3.21	-3.883	-3.014	-3.222	-1.029	-3.62	-2.376	-2.199	-1.24	-5.064	-1.3	-0.65082	-1.5158	-0.57757	-0.55958	-1.1459
-5.519	-3.25303	-4.412	-1.633	-4.284	0.111	-3.94	-2.75	-2.94	-2.981	-1.889	-2.328	-2.262	-7.945	-6.12	-0.7	-1.715	-3.308	-4.073	-1.973	-5.294	-1.732	-3.766	-5.572	-4.703	-4.244	-3.213	-5.08	-6.087	-5.24	-3.776	-6.703	-8.637	-1.738	-1.24	-3.507	-2.186	-3.788	-0.982	-6.336	-3.579	-3.209	-7.416	-7.71	-3.251	-4.453	-4.356	-2.898	-1.239	-3.794	-1.902	-3.624	-4.52	-4.838	-4.343	-3.225	-3.798	-3.043	-3.272	-0.784	-3.812	-2.368	-2.37	-1.453	-5.01	-1.309	-0.6981	-1.627	-0.62424	-0.62836	-1.2214
-5.444	-3.24295	-4.523	-1.683	-4.275	-0.023	-3.914	-2.743	-2.89	-2.943	-1.843	-2.27	-2.231	-7.842	-6.058	-0.705	-1.75	-3.377	-4.104	-1.878	-5.3	-1.572	-3.642	-5.456	-4.611	-4.262	-3.138	-5.038	-5.913	-5.211	-3.65	-6.566	-8.62	-1.642	-1.243	-3.571	-2.053	-3.859	-0.884	-6.39	-3.616	-3.271	-7.297	-7.555	-3.136	-4.303	-4.371	-2.918	-1.11	-3.719	-1.936	-3.656	-4.482	-4.802	-4.318	-3.233	-3.749	-3.081	-3.315	-0.589	-3.891	-2.342	-2.525	-1.629	-5.008	-1.386	-0.76726	-1.7502	-0.65684	-0.69981	-1.3354
-5.424	-3.26392	-4.524	-1.684	-4.301	-0.125	-3.91	-2.712	-2.822	-2.836	-1.724	-2.146	-2.162	-7.782	-6.03	-0.722	-1.784	-3.399	-4.174	-1.764	-5.3	-1.376	-3.547	-5.342	-4.55	-4.29	-2.959	-4.971	-5.75	-5.197	-3.515	-6.449	-8.615	-1.557	-1.206	-3.63	-1.8	-3.917	-0.729	-6.472	-3.683	-3.299	-7.237	-7.476	-3.01	-4.19	-4.304	-2.912	-0.932	-3.618	-1.965	-3.721	-4.463	-4.776	-4.394	-3.324	-3.735	-3.107	-3.363	-0.448	-3.889	-2.302	-2.657	-1.787	-4.959	-1.501	-0.8684	-1.8798	-0.69281	-0.83983	-1.4134
-5.464	-3.2727	-4.542	-1.659	-4.328	-0.197	-3.927	-2.717	-2.756	-2.706	-1.632	-2.051	-2.085	-7.782	-6.067	-0.721	-1.792	-3.429	-4.274	-1.638	-5.306	-1.192	-3.49	-5.245	-4.493	-4.314	-2.761	-4.88	-5.576	-5.23	-3.362	-6.36	-8.655	-1.412	-1.117	-3.738	-1.553	-3.927	-0.568	-6.768	-3.754	-3.324	-7.226	-7.443	-2.924	-4.11	-4.185	-2.943	-0.726	-3.503	-1.973	-3.805	-4.481	-4.781	-4.457	-3.405	-3.735	-3.169	-3.409	-0.422	-3.819	-2.259	-2.79	-1.95	-4.905	-1.582	-0.97245	-1.9768	-0.83005	-0.99706	-1.4913
-5.486	-3.29294	-4.631	-1.621	-4.407	-0.225	-3.971	-2.682	-2.698	-2.579	-1.48	-1.908	-1.979	-7.835	-6.008	-0.745	-1.788	-3.454	-4.404	-1.504	-5.305	-1.003	-3.478	-5.179	-4.457	-4.377	-2.538	-4.906	-5.417	-5.293	-3.372	-6.332	-8.767	-1.219	-0.979	-3.891	-1.242	-3.913	-0.33	-6.848	-3.823	-3.309	-7.306	-7.482	-2.888	-4.029	-4.194	-2.993	-0.49	-3.372	-1.964	-3.87	-4.562	-4.71	-4.519	-3.436	-3.759	-3.213	-3.471	-0.47	-3.652	-2.207	-2.921	-2.082	-4.832	-1.749	-1.1081	-2.1554	-0.94069	-1.1556	-1.6205
-5.528	-3.33172	-4.68	-1.566	-4.538	-0.216	-4.085	-2.608	-2.632	-2.481	-1.31	-1.713	-1.871	-7.954	-6.092	-0.736	-1.773	-3.508	-4.53	-1.33	-5.362	-0.784	-3.506	-5.14	-4.416	-4.428	-2.338	-4.987	-5.302	-5.414	-3.325	-6.356	-8.918	-1.017	-0.848	-4.061	-0.92	-3.927	-0.061	-7.025	-3.978	-3.277	-7.407	-7.632	-2.902	-4.028	-4.165	-3.082	-0.224	-3.22	-1.927	-3.912	-4.631	-4.708	-4.595	-3.413	-3.771	-3.241	-3.495	-0.669	-3.44	-2.185	-3.008	-2.228	-4.795	-1.892	-1.2608	-2.346	-1.1471	-1.3354	-1.7195
-5.591	-3.39557	-4.735	-1.466	-4.7	-0.158	-4.201	-2.539	-2.542	-2.416	-1.158	-1.524	-1.808	-8.107	-6.279	-0.674	-1.731	-3.52	-4.641	-1.153	-5.428	-0.547	-3.504	-5.09	-4.404	-4.442	-2.149	-5.099	-5.16	-5.568	-3.277	-6.405	-9.15	-0.807	-0.698	-4.227	-0.534	-3.994	0.212	-7.251	-4.134	-3.2	-7.497	-7.767	-2.935	-4.015	-4.217	-3.174	0.078	-3.03	-1.882	-3.967	-4.693	-4.698	-4.613	-3.422	-3.777	-3.291	-3.499	-0.954	-3.231	-2.174	-3.07	-2.35	-4.71	-2.105	-1.4351	-2.5846	-1.3529	-1.5576	-1.8739
-5.537	-3.38982	-4.678	-1.326	-4.946	-0.082	-4.267	-2.467	-2.391	-2.399	-1.028	-1.38	-1.709	-8.203	-6.517	-0.569	-1.665	-3.407	-4.745	-0.932	-5.478	-0.275	-3.501	-4.913	-4.385	-4.359	-2.015	-5.208	-4.923	-5.656	-3.318	-6.449	-9.375	-0.6	-0.545	-4.336	-0.04	-4.114	0.515	-7.369	-4.36	-3.108	-7.513	-7.759	-2.875	-4.004	-4.229	-3.224	0.41	-2.83	-1.819	-4.032	-4.717	-4.666	-4.625	-3.46	-3.775	-3.287	-3.49	-1.373	-2.951	-2.152	-3.098	-2.429	-4.59	-2.331	-1.6374	-2.8369	-1.5601	-1.8415	-2.1026
-5.406	-3.3375	-4.524	-1.132	-5.293	0.008	-4.219	-2.363	-2.154	-2.351	-0.938	-1.229	-1.575	-8.118	-6.584	-0.45	-1.567	-3.136	-4.785	-0.675	-5.403	0.016	-3.43	-4.586	-4.303	-4.171	-1.94	-5.194	-4.482	-5.636	-3.24	-6.374	-9.483	-0.447	-0.367	-4.279	0.604	-4.149	0.858	-7.447	-4.557	-2.942	-7.34	-7.494	-2.692	-3.939	-4.09	-3.168	0.811	-2.629	-1.714	-4.028	-4.606	-4.548	-4.551	-3.392	-3.733	-3.165	-3.462	-1.946	-2.597	-2.085	-3.087	-2.434	-4.38	-2.477	-1.8631	-3.1019	-1.8677	-2.1346	-2.3698
-5.057	-3.16813	-4.325	-0.918	-5.723	0.095	-4.058	-2.205	-1.825	-2.275	-0.873	-1.133	-1.448	-7.737	-6.555	-0.255	-1.4	-2.599	-4.667	-0.359	-5.144	0.313	-3.215	-4.039	-4.077	-3.882	-1.94	-4.972	-3.715	-5.453	-2.858	-6.092	-9.372	-0.22	-0.157	-4.043	1.286	-3.992	1.206	-7.479	-4.659	-2.689	-6.863	-6.881	-2.394	-3.764	-3.824	-3.053	1.259	-2.416	-1.566	-3.957	-4.371	-4.241	-4.287	-3.305	-3.595	-2.954	-3.365	-2.701	-2.273	-1.966	-3.012	-2.351	-3.966	-2.514	-2.1228	-3.3442	-2.2375	-2.4581	-2.6553
-4.376	-2.86652	-4.005	-0.705	-6.273	0.214	-3.792	-1.968	-1.388	-2.187	-0.734	-1.004	-1.285	-6.979	-6.171	-0.02	-1.191	-1.805	-4.421	-0.004	-4.636	0.639	-2.828	-3.266	-3.678	-3.484	-1.966	-4.629	-2.604	-5.044	-2.546	-5.513	-8.853	0	0.131	-3.535	1.943	-3.647	1.616	-7.099	-4.634	-2.341	-6.071	-5.888	-1.895	-3.392	-3.564	-2.821	1.74	-2.196	-1.359	-3.79	-4.033	-3.67	-3.935	-2.974	-3.256	-2.594	-3.166	-3.58	-1.958	-1.769	-2.869	-2.219	-3.409	-2.503	-2.3984	-3.5986	-2.6363	-2.7524	-2.9923
-3.455	-2.43026	-3.529	-0.488	-6.821	0.299	-3.441	-1.659	-0.826	-2.033	-0.537	-0.874	-1.096	-5.844	-5.659	0.309	-0.942	-0.877	-3.962	0.356	-3.861	0.977	-2.352	-2.327	-3.084	-2.948	-2.068	-3.998	-1.227	-4.401	-2.135	-4.583	-7.929	0.244	0.458	-2.746	2.552	-3.107	2.094	-6.529	-4.472	-1.999	-4.914	-4.632	-1.291	-2.895	-3.009	-2.515	2.242	-1.924	-1.115	-3.556	-3.549	-2.997	-3.468	-2.448	-2.665	-2.112	-2.88	-4.546	-1.685	-1.547	-2.624	-1.992	-2.695	-2.337	-2.6801	-3.8032	-3.0665	-3.0442	-3.3044
-2.346	-1.86825	-3.019	-0.281	-7.282	0.367	-3.056	-1.265	-0.162	-1.817	-0.245	-0.657	-0.909	-4.329	-4.979	0.662	-0.657	0.229	-3.284	0.643	-2.849	1.295	-1.711	-1.267	-2.368	-2.307	-2.051	-3.242	0.386	-3.538	-1.328	-3.343	-6.705	0.651	0.802	-1.722	2.998	-2.433	2.527	-5.61	-4.145	-1.749	-3.437	-3.072	-0.591	-2.291	-2.3	-2.198	2.744	-1.587	-0.83	-3.234	-2.902	-2.159	-2.812	-1.871	-1.891	-1.594	-2.523	-5.389	-1.471	-1.268	-2.285	-1.666	-1.844	-2.123	-2.9747	-4.0071	-3.4892	-3.3858	-3.609
-1.133	-1.22207	-2.351	-0.097	-7.607	0.443	-2.572	-0.751	0.567	-1.517	0.26	-0.328	-0.576	-2.516	-3.85	0.94	-0.354	1.38	-2.492	0.853	-1.696	1.687	-0.973	-0.086	-1.543	-1.571	-1.919	-2.35	2.101	-2.502	-0.425	-1.851	-5.233	1.176	1.047	-0.559	3.252	-1.663	2.956	-4.36	-3.635	-1.605	-1.773	-1.221	0.179	-1.641	-1.594	-1.903	3.208	-1.19	-0.504	-2.839	-2.156	-1.274	-1.986	-1.133	-1.022	-1.056	-2.086	-5.989	-1.218	-0.999	-1.892	-1.222	-0.938	-1.8	-3.2408	-4.165	-3.8959	-3.7518	-3.896
0.206	-0.531009	-1.58	0.015	-7.673	0.503	-2.037	-0.2	1.294	-1.056	0.972	0.212	-0.102	-0.404	-2.52	1.088	-0.049	2.42	-1.666	0.927	-0.434	2.112	-0.244	1.185	-0.636	-0.777	-1.591	-1.427	4.012	-1.33	0.825	-0.164	-3.493	1.873	1.208	0.78	3.326	-0.723	3.375	-2.926	-2.895	-1.564	0.177	0.896	1.008	-0.959	-0.727	-1.699	3.604	-0.708	-0.198	-2.249	-1.264	-0.435	-1.112	-0.223	-0.052	-0.38	-1.574	-6.231	-0.992	-0.726	-1.497	-0.667	-0.055	-1.331	-3.4933	-4.2946	-4.3432	-4.0916	-4.1767
1.731	0.191216	-0.636	0.044	-7.45	0.624	-1.366	0.483	2.012	-0.51	1.813	0.868	0.522	2.021	-0.977	1.103	0.263	3.422	-0.796	0.969	0.943	2.646	0.496	2.573	0.363	0.031	-1.019	-0.398	6.093	-0.008	2.324	1.849	-1.487	2.699	1.225	2.312	3.175	0.259	3.754	-1.133	-1.959	-1.551	2.289	3.228	1.914	-0.145	0.211	-1.576	3.909	-0.135	0.115	-1.523	-0.232	0.518	-0.095	0.671	0.995	0.406	-1.001	-6.038	-0.749	-0.417	-1.084	-0.04	0.828	-0.773	-3.7303	-4.3463	-4.741	-4.3605	-4.3937
3.449	1.01045	0.41	-0.02	-6.954	0.773	-0.614	1.211	2.676	0.09	2.723	1.562	1.148	4.728	0.861	0.958	0.515	4.314	0.049	0.945	2.389	3.228	1.271	4.147	1.462	0.781	-0.245	0.546	8.244	1.541	3.786	4.139	0.892	3.428	1.139	4.001	2.785	1.207	4.082	1.011	-0.821	-1.473	4.65	5.785	2.854	0.71	1.167	-1.446	4.134	0.513	0.426	-0.638	0.894	1.599	0.979	1.711	2.156	1.327	-0.366	-5.471	-0.438	-0.029	-0.739	0.596	1.692	-0.224	-3.9289	-4.2332	-5.1178	-4.5085	-4.6192
5.21	1.87708	1.622	-0.102	-6.224	0.966	0.26	1.98	3.318	0.743	3.68	2.15	1.62	7.68	2.922	0.717	0.687	5.006	0.899	0.927	4.017	3.822	2.095	5.775	2.631	1.497	0.607	1.514	10.332	3.369	5.175	6.655	3.542	4.062	1.012	5.724	2.216	2.122	4.467	3.241	0.452	-1.238	7.195	8.439	3.737	1.763	2.338	-1.264	4.381	1.195	0.709	0.488	2.168	2.741	2.125	2.775	3.42	2.331	0.337	-4.613	-0.102	0.489	-0.418	1.277	2.608	0.454	-4.0532	-4.0092	-5.3774	-4.6419	-4.8226
7.041	2.7541	2.963	-0.237	-5.263	1.183	1.174	2.692	3.837	1.441	4.578	2.632	1.963	10.791	5.099	0.378	0.741	5.458	1.687	0.844	5.736	4.278	2.939	7.262	3.839	2.095	1.453	2.516	12.144	5.174	6.527	9.249	6.347	4.615	0.907	7.205	1.243	2.874	4.836	5.634	1.716	-0.791	9.716	11.032	4.342	2.868	3.623	-0.966	4.646	1.92	0.991	1.762	3.457	3.993	3.28	3.739	4.713	3.375	0.96	-3.53	0.32	1.168	-0.149	1.926	3.541	1.185	-4.1375	-3.6645	-5.5772	-4.7397	-4.9272
8.668	3.56144	4.341	-0.422	-4.106	1.379	2.051	3.316	4.196	2.126	5.256	2.95	2.211	13.705	7.294	-0.138	0.651	5.581	2.402	0.68	7.401	4.58	3.689	8.486	5.05	2.691	2.024	3.444	13.406	6.819	7.514	11.608	9.055	5.048	0.732	8.124	-0.024	3.435	5.158	7.777	2.926	-0.074	12.078	13.373	4.785	3.93	4.8	-0.564	4.907	2.599	1.231	3.072	4.729	5.162	4.383	4.642	5.852	4.289	1.542	-2.376	0.785	1.873	0.128	2.499	4.434	1.824	-4.1209	-3.2665	-5.5759	-4.7549	-4.8976
10.029	4.31796	5.769	-0.629	-2.777	1.517	2.857	3.748	4.381	2.783	5.785	3.145	2.53	16.209	9.055	-0.832	0.419	5.379	3.074	0.475	9.009	4.64	4.157	9.409	6.072	3.209	2.197	4.353	14.167	8.233	8.26	13.366	11.501	5.309	0.587	8.356	-1.34	3.832	5.375	9.516	4.064	0.821	14.012	15.206	4.959	4.993	5.742	-0.079	5.053	3.221	1.377	4.425	5.817	6.181	5.268	5.38	6.733	5.009	2.067	-1.271	1.217	2.592	0.388	2.97	5.25	2.439	-4.0173	-2.8549	-5.4249	-4.6864	-4.7969
11.059	4.91584	7.206	-0.903	-1.366	1.516	3.59	3.953	4.41	3.397	6.118	3.316	2.918	18.13	10.523	-1.614	0.059	4.97	3.737	0.326	10.439	4.455	4.312	9.938	6.862	3.574	2.278	5.168	14.376	9.292	8.537	14.57	13.54	5.437	0.427	8.084	-2.542	3.9	5.429	11.015	4.984	1.748	15.384	16.426	5.013	5.899	6.218	0.52	4.949	3.723	1.482	5.545	6.633	6.957	5.995	5.928	7.339	5.467	2.458	-0.259	1.559	3.206	0.659	3.227	5.977	3.006	-3.8128	-2.3769	-5.1802	-4.505	-4.5674
11.786	5.43403	8.312	-1.23	0.037	1.346	4.141	4.037	4.323	3.838	6.233	3.512	3.367	19.374	11.518	-2.543	-0.315	4.511	4.438	0.137	11.648	4.085	4.26	10.179	7.349	3.827	2.387	5.783	14.185	10.11	8.526	15.01	15.113	5.542	0.212	7.404	-3.354	3.972	5.223	12.165	5.571	2.532	16.279	17.113	4.903	6.548	6.238	1.117	4.686	4.152	1.565	6.334	7.24	7.486	6.52	6.281	7.63	5.736	2.687	0.525	1.725	3.715	0.913	3.352	6.554	3.421	-3.5661	-1.8648	-4.8787	-4.1475	-4.2881
12.097	5.77956	9.23	-1.537	1.25	0.986	4.56	4.003	4.271	4.018	6.194	3.747	3.834	20.045	12.073	-3.393	-0.636	4.054	5.069	0.039	12.615	3.561	4.168	10.171	7.619	3.901	2.514	6.096	13.729	10.645	8.273	14.859	16.261	5.617	0.026	6.596	-3.767	4.071	4.757	12.862	6.002	3.083	16.69	17.334	4.758	7.035	6.124	1.681	4.349	4.298	1.586	6.797	7.658	7.625	6.834	6.454	7.691	5.826	2.807	1.088	1.7	4.089	1.172	3.394	7.046	3.716	-3.2297	-1.3465	-4.3869	-3.7735	-3.9117
11.902	5.93672	9.878	-1.871	2.255	0.488	4.815	3.923	4.227	4.011	6.043	3.937	4.16	20.214	12.257	-4.036	-0.949	3.572	5.455	-0.063	13.215	2.883	3.969	9.728	7.699	3.722	2.934	6.27	13.031	10.826	7.951	14.322	17.012	5.481	-0.111	5.747	-3.865	4.222	4.186	13.174	6.287	3.445	16.746	17.167	4.403	7.265	6.062	2.262	3.887	4.328	1.489	6.906	7.735	7.694	6.96	6.485	7.565	5.738	2.687	1.4	1.706	4.305	1.381	3.261	7.466	3.917	-2.8758	-0.87823	-3.8622	-3.3272	-3.4084
11.443	5.85579	10.214	-2.141	3.087	-0.143	4.929	3.723	4.111	3.902	5.673	3.989	4.401	19.887	12.032	-4.514	-1.216	3.183	5.64	-0.2	13.443	2.243	3.768	9.137	7.673	3.489	3.355	6.176	12.083	10.798	7.452	13.411	17.405	5.254	-0.264	4.928	-3.699	4.263	3.422	13.181	6.299	3.699	16.429	16.656	4	7.322	6.003	2.737	3.315	4.174	1.276	6.718	7.653	7.502	6.807	6.311	7.248	5.498	2.496	1.469	1.562	4.359	1.552	3.017	7.732	3.832	-2.4919	-0.4904	-3.2865	-2.8998	-2.8331
10.61	5.64854	10.211	-2.328	3.734	-0.826	4.951	3.516	3.994	3.705	5.072	3.927	4.528	19.032	11.343	-4.824	-1.409	2.799	5.638	-0.357	13.36	1.63	3.517	8.402	7.557	3.138	3.502	5.99	11.055	10.562	7.043	12.224	17.434	4.832	-0.4	4.187	-3.305	4.193	2.423	12.825	6.208	3.75	15.708	15.804	3.545	7.371	5.888	3.101	2.623	3.819	0.957	6.416	7.329	7.423	6.471	5.978	6.835	5.145	2.291	1.387	1.398	4.243	1.601	2.749	7.851	3.655	-2.0931	-0.19309	-2.7276	-2.4218	-2.2493
9.521	5.28135	9.856	-2.526	4.19	-1.555	4.711	3.223	3.779	3.423	4.447	3.752	4.391	17.756	10.362	-4.972	-1.683	2.476	5.382	-0.468	12.917	1.027	3.245	7.553	7.294	2.623	3.664	5.735	9.978	10.035	6.156	10.958	17.095	4.309	-0.621	3.62	-2.793	3.959	1.44	12.059	6.009	3.662	14.676	14.662	3.041	7.207	5.565	3.379	1.797	3.306	0.527	5.997	6.825	7.229	6.007	5.481	6.394	4.708	2.058	1.281	1.014	3.91	1.479	2.398	7.807	3.304	-1.6744	0.0827	-2.1757	-1.9728	-1.6567
8.411	4.85028	9.157	-2.634	4.473	-2.24	4.363	2.965	3.497	3.002	3.703	3.495	4.075	16.119	9.166	-5.103	-1.916	2.294	5.035	-0.625	12.093	0.612	3.037	6.718	6.925	2.206	3.68	5.343	8.82	9.351	5.213	9.607	16.515	3.787	-1.003	3.112	-2.211	3.836	0.421	11.123	5.587	3.365	13.442	13.411	2.497	6.945	4.954	3.408	0.924	2.731	0.108	5.458	6.28	6.759	5.576	4.823	5.817	4.223	1.832	1.125	0.441	3.5	1.234	2.045	7.53	2.863	-1.2882	0.24571	-1.6769	-1.4552	-1.112
7.237	4.31305	8.252	-2.776	4.523	-2.935	3.898	2.68	3.153	2.416	2.947	3.111	3.584	14.324	7.828	-5.109	-2.171	2.098	4.526	-0.762	11.071	0.186	2.955	5.873	6.51	1.734	3.488	4.85	7.741	8.5	4.522	8.348	15.728	3.263	-1.461	2.73	-1.723	3.58	-0.569	10.118	5.161	2.814	12.156	12.064	1.968	6.5	4.293	3.324	0.155	1.985	-0.32	4.762	5.675	6.14	5.064	4.197	5.236	3.688	1.648	0.977	-0.313	3.021	0.894	1.701	7.126	2.309	-0.95828	0.35843	-1.1976	-1.0325	-0.62832
6.019	3.78616	7.209	-2.85	4.361	-3.582	3.373	2.416	2.789	1.795	2.156	2.584	2.87	12.519	6.535	-5.024	-2.529	1.907	3.908	-0.93	9.866	-0.238	2.824	4.908	5.987	1.232	3.355	4.378	6.681	7.632	3.969	7.236	14.725	2.529	-1.915	2.381	-1.23	3.431	-1.381	9.024	4.695	2.175	10.893	10.724	1.342	5.86	3.726	3.177	-0.591	1.265	-0.77	4.081	4.942	5.402	4.637	3.623	4.662	3.061	1.514	0.73	-1.03	2.528	0.485	1.206	6.628	1.675	-0.67061	0.38846	-0.79954	-0.6577	-0.24498
5.073	3.23818	6.156	-2.842	4.047	-4.224	2.889	2.09	2.256	1.202	1.42	1.935	2.164	10.856	5.517	-4.902	-2.906	1.793	3.306	-1.119	8.704	-0.572	2.75	4.044	5.363	0.792	3.141	3.824	5.725	6.779	3.62	6.26	13.657	1.87	-2.366	2.099	-0.838	3.081	-2.076	8.173	4.147	1.51	9.6	9.443	0.66	5.24	3.165	2.986	-1.28	0.521	-1.125	3.445	4.245	4.457	4.193	3.037	4.108	2.36	1.451	0.419	-1.757	2.075	0.033	0.72	5.999	1.067	-0.48886	0.32514	-0.46281	-0.38776	0.023286
4.278	2.72284	5.079	-2.793	3.635	-4.808	2.355	1.749	1.696	0.57	0.548	1.341	1.447	9.345	4.561	-4.77	-3.249	1.572	2.662	-1.405	7.634	-0.97	2.638	3.234	4.764	0.316	2.736	3.195	4.862	5.96	3.269	5.491	12.558	1.329	-2.767	1.919	-0.611	2.599	-2.662	7.404	3.505	0.779	8.418	8.29	0.147	4.565	2.6	2.778	-1.805	-0.206	-1.429	2.842	3.476	3.723	3.764	2.497	3.612	1.699	1.406	0.08	-2.427	1.665	-0.447	0.277	5.238	0.552	-0.3076	0.1801	-0.30194	-0.169	0.12645
3.634	2.26325	3.955	-2.726	3.132	-5.31	1.764	1.435	1.043	-0.103	-0.267	0.626	0.8	8.08	3.719	-4.634	-3.655	1.315	1.981	-1.723	6.657	-1.353	2.447	2.491	4.067	-0.219	2.124	2.447	4.177	5.135	2.424	4.884	11.453	0.701	-3.223	1.774	-0.531	2.193	-2.994	6.471	2.87	0.079	7.361	7.282	-0.319	3.86	2.022	2.611	-2.268	-0.863	-1.699	2.349	2.704	3.027	3.373	1.937	3.22	1.084	1.33	-0.252	-3.06	1.226	-0.97	-0.137	4.483	0.092	-0.20719	0.010615	-0.13269	-0.098512	0.15917
3.218	1.83548	2.987	-2.602	2.641	-5.739	1.155	1.123	0.354	-0.64	-0.993	-0.097	0.14	7.013	3.091	-4.516	-4.021	1.074	1.386	-2.077	5.733	-1.647	2.244	1.9	3.43	-0.584	1.344	1.649	3.391	4.359	1.671	4.404	10.436	0.091	-3.638	1.612	-0.699	1.868	-3.316	5.798	2.252	-0.643	6.47	6.436	-0.656	3.048	1.492	2.351	-2.713	-1.44	-1.922	1.916	2.007	2.298	3.058	1.362	2.705	0.505	1.231	-0.609	-3.718	0.883	-1.436	-0.521	3.742	-0.316	-0.11734	-0.20001	-0.072619	-0.074518	0.14406
2.69	1.40379	2.13	-2.561	2.168	-6.062	0.573	0.8	-0.366	-1.152	-1.639	-0.823	-0.471	6.157	2.515	-4.359	-4.34	0.793	0.779	-2.388	4.945	-1.99	2.07	1.363	2.843	-0.923	0.523	0.895	2.802	3.654	1.343	4.031	9.446	-0.339	-4.028	1.487	-0.977	1.382	-3.611	5.246	1.718	-1.297	5.77	5.751	-0.913	2.235	1.071	2.148	-3.091	-1.967	-2.137	1.499	1.324	1.82	2.735	1.03	2.238	-0.071	1.061	-0.861	-4.333	0.577	-1.829	-0.866	3.029	-0.637	-0.2157	-0.42729	-0.049254	-0.11915	0.067872
2.194	0.9636	1.355	-2.418	1.732	-6.326	-0.001	0.452	-0.978	-1.454	-2.152	-1.473	-1.137	5.437	2.064	-4.209	-4.617	0.61	0.275	-2.691	4.236	-2.304	1.847	0.895	2.324	-1.222	-0.329	0.383	2.23	3.031	1.007	3.762	8.485	-0.943	-4.396	1.331	-1.286	1.019	-3.867	4.649	1.24	-1.938	5.149	5.158	-1.19	1.423	0.627	1.955	-3.526	-2.391	-2.29	1.19	0.716	1.26	2.444	0.688	1.877	-0.593	0.902	-1.114	-4.821	0.314	-2.188	-1.185	2.44	-0.97	-0.31728	-0.69194	-0.11326	-0.21021	0.034002
1.686	0.589652	0.693	-2.244	1.274	-6.491	-0.559	0.127	-1.608	-1.691	-2.581	-2.085	-1.895	4.862	1.711	-4.073	-4.794	0.471	-0.165	-2.864	3.581	-2.562	1.652	0.516	1.788	-1.511	-1.144	-0.162	1.819	2.353	0.796	3.528	7.554	-1.534	-4.819	1.198	-1.672	0.571	-4.106	4.225	0.908	-2.466	4.598	4.608	-1.424	0.722	0.114	1.774	-3.917	-2.799	-2.383	0.99	0.242	0.695	2.265	0.334	1.556	-1.076	0.665	-1.312	-5.152	0.085	-2.473	-1.392	1.999	-1.31	-0.25906	-1.0116	-0.22293	-0.32659	0.036465
1.394	0.235977	0.115	-2.081	0.847	-6.604	-1.027	-0.083	-2.118	-1.956	-3.006	-2.671	-2.667	4.394	1.4	-3.926	-4.882	0.217	-0.587	-3.05	3.017	-2.878	1.442	0.215	1.332	-1.823	-1.927	-0.95	1.294	1.768	0.667	3.374	6.651	-1.991	-5.137	1.054	-2.019	0.041	-4.227	3.93	0.524	-2.808	4.084	4.085	-1.601	0.021	-0.53	1.604	-4.201	-3.13	-2.464	0.818	-0.23	0.302	1.945	0.088	1.235	-1.498	0.361	-1.443	-5.376	-0.079	-2.722	-1.537	1.571	-1.572	-0.4983	-1.3054	-0.51589	-0.41113	-0.12668
1.131	-0.124975	-0.386	-1.925	0.459	-6.582	-1.379	-0.289	-2.621	-2.222	-3.338	-3.281	-3.092	4.001	1.161	-3.779	-4.873	0.089	-0.968	-3.078	2.5	-3.029	1.161	-0.068	0.919	-2.146	-2.917	-1.816	0.903	1.27	-0.058	3.229	5.804	-2.396	-5.405	0.961	-2.408	-0.207	-4.281	3.556	0.214	-3.11	3.586	3.527	-1.733	-0.52	-1.02	1.459	-4.391	-3.355	-2.485	0.666	-0.66	-0.076	1.73	-0.242	1	-1.844	0.104	-1.521	-5.502	-0.264	-2.942	-1.676	1.233	-1.78	-0.62072	-1.5881	-0.82412	-0.54724	-0.33943
0.9	-0.40481	-0.926	-1.835	0.141	-6.433	-1.701	-0.457	-3.06	-2.424	-4.029	-3.743	-3.337	3.649	0.961	-3.668	-4.798	-0.137	-1.293	-3.215	2.073	-3.166	0.875	-0.314	0.536	-2.387	-3.586	-2.203	0.385	0.761	-0.396	3.056	5.008	-2.859	-5.518	0.863	-2.758	-0.717	-4.333	3.188	-0.148	-3.384	3.095	2.948	-1.916	-1.081	-1.534	1.228	-4.464	-3.483	-2.501	0.551	-0.997	-0.447	1.358	-0.512	0.741	-2.106	-0.129	-1.555	-5.523	-0.448	-3.057	-1.751	0.955	-2.02	-1.0947	-1.8162	-1.1177	-0.71749	-0.44268
0.575	-0.653666	-1.265	-1.747	-0.039	-6.19	-1.926	-0.554	-3.359	-2.533	-4.309	-4.043	-3.781	3.273	0.834	-3.451	-4.596	-0.288	-1.637	-3.365	1.628	-3.287	0.632	-0.588	0.189	-2.593	-4.543	-2.251	-0.011	0.229	-0.654	2.848	4.07	-2.937	-5.426	0.757	-2.992	-1.073	-4.421	2.555	-0.537	-3.518	2.508	2.285	-1.957	-1.585	-1.868	1.034	-4.468	-3.586	-2.486	0.41	-1.349	-0.802	1	-0.756	0.458	-2.391	-0.44	-1.481	-5.447	-0.589	-3.072	-1.816	0.545	-2.175	-1.1903	-1.9743	-1.252	-0.84982	-0.5539
