#Preprocessed CD spectrum:
#source: /home/gnagy/Programs/SESCA_dev/examples/7-Spectrum_preparation
#data columns:  [1, 2, 3]
#input format:  mdeg
#spectrum files:
#CD_CSAplus_av.dat
#basline files:
#H2O_01.dat
#H2O_02.dat
#H2O_03.dat

#   wvlgth  Int_avg   Int_sd 
    300.0   17.559     0.488  
    299.5   18.312     0.416  
    299.0   18.534     0.549  
    298.5   19.127     0.539  
    298.0   19.645     0.546  
    297.5   20.045     0.552  
    297.0   20.492     0.436  
    296.5   20.975     0.457  
    296.0   21.323     0.472  
    295.5   21.433     0.378  
    295.0   21.956     0.578  
    294.5   22.017     0.558  
    294.0   22.262     0.498  
    293.5   22.665     0.421  
    293.0   22.663     0.412  
    292.5   22.821     0.595  
    292.0   22.972     0.613  
    291.5   22.946     0.506  
    291.0   23.280     0.543  
    290.5   23.159     0.376  
    290.0   23.193     0.438  
    289.5   22.869     0.553  
    289.0   23.110     0.472  
    288.5   22.931     0.550  
    288.0   22.684     0.438  
    287.5   22.428     0.477  
    287.0   22.453     0.541  
    286.5   22.072     0.667  
    286.0   21.915     0.533  
    285.5   21.310     0.467  
    285.0   21.312     0.546  
    284.5   20.862     0.502  
    284.0   20.639     0.460  
    283.5   20.180     0.631  
    283.0   19.990     0.542  
    282.5   19.449     0.471  
    282.0   19.101     0.472  
    281.5   18.716     0.578  
    281.0   18.120     0.405  
    280.5   17.684     0.483  
    280.0   17.311     0.439  
    279.5   17.058     0.437  
    279.0   16.441     0.411  
    278.5   15.994     0.390  
    278.0   15.498     0.378  
    277.5   15.138     0.477  
    277.0   14.691     0.588  
    276.5   13.995     0.417  
    276.0   13.732     0.495  
    275.5   13.298     0.400  
    275.0   12.645     0.647  
    274.5   12.473     0.400  
    274.0   11.992     0.552  
    273.5   11.224     0.419  
    273.0   11.107     0.349  
    272.5   10.779     0.553  
    272.0   10.130     0.399  
    271.5    9.810     0.460  
    271.0    9.428     0.546  
    270.5    9.011     0.378  
    270.0    8.623     0.492  
    269.5    8.348     0.411  
    269.0    7.853     0.557  
    268.5    7.723     0.499  
    268.0    7.354     0.578  
    267.5    6.973     0.518  
    267.0    6.440     0.542  
    266.5    6.174     0.439  
    266.0    6.011     0.584  
    265.5    5.765     0.390  
    265.0    5.483     0.463  
    264.5    5.200     0.340  
    264.0    4.886     0.458  
    263.5    4.596     0.489  
    263.0    4.284     0.450  
    262.5    4.202     0.436  
    262.0    3.964     0.695  
    261.5    3.653     0.419  
    261.0    3.345     0.466  
    260.5    3.114     0.517  
    260.0    3.168     0.493  
    259.5    2.923     0.500  
    259.0    2.740     0.598  
    258.5    2.547     0.588  
    258.0    2.360     0.385  
    257.5    2.283     0.662  
    257.0    2.028     0.613  
    256.5    1.955     0.554  
    256.0    2.121     0.669  
    255.5    2.034     0.499  
    255.0    1.798     0.370  
    254.5    1.532     0.618  
    254.0    1.380     0.473  
    253.5    1.380     0.574  
    253.0    1.451     0.375  
    252.5    1.357     0.519  
    252.0    1.255     0.479  
    251.5    0.949     0.524  
    251.0    1.077     0.571  
    250.5    1.219     0.415  
    250.0    1.049     0.441  
    249.5    1.098     0.518  
    249.0    0.704     0.420  
    248.5    0.865     0.598  
    248.0    0.721     0.432  
    247.5    0.545     0.505  
    247.0    0.619     0.441  
    246.5    0.785     0.487  
    246.0    0.504     0.437  
    245.5    0.637     0.482  
    245.0    0.669     0.674  
    244.5    0.544     0.616  
    244.0    0.537     0.539  
    243.5    0.730     0.478  
    243.0    0.522     0.521  
    242.5    0.231     0.456  
    242.0    0.611     0.536  
    241.5    0.514     0.599  
    241.0    0.264     0.439  
    240.5    0.213     0.540  
    240.0    0.299     0.407  
    239.5    0.080     0.784  
    239.0    0.261     0.565  
    238.5    0.308     0.396  
    238.0    0.421     0.511  
    237.5    0.447     0.426  
    237.0    0.175     0.610  
    236.5    0.296     0.480  
    236.0    0.478     0.610  
    235.5    0.207     0.772  
    235.0    0.383     0.504  
    234.5    0.455     0.452  
    234.0    0.272     0.478  
    233.5    0.348     0.494  
    233.0    0.267     0.619  
    232.5    0.364     0.669  
    232.0    0.030     0.721  
    231.5    0.279     0.727  
    231.0    0.574     0.667  
    230.5    0.327     0.608  
    230.0    0.092     0.702  
    229.5    0.235     0.675  
    229.0    0.326     0.578  
    228.5    0.251     0.664  
    228.0    0.066     0.618  
    227.5    0.175     0.717  
    227.0   -0.015     0.615  
    226.5    0.028     0.740  
    226.0   -0.227     0.528  
    225.5    0.099     0.577  
    225.0    0.083     0.531  
    224.5    0.144     0.529  
    224.0    0.210     0.563  
    223.5    0.249     0.643  
    223.0    0.050     0.723  
    222.5   -0.022     0.875  
    222.0    0.166     0.669  
    221.5   -0.065     0.787  
    221.0   -0.279     0.681  
    220.5   -0.277     0.739  
    220.0   -0.366     0.565  
    219.5   -0.109     0.718  
    219.0   -0.598     0.680  
    218.5   -0.512     0.647  
    218.0   -0.929     0.592  
    217.5   -0.959     0.737  
    217.0   -1.156     0.963  
    216.5   -1.142     0.551  
    216.0   -1.748     0.570  
    215.5   -2.024     0.925  
    215.0   -1.950     0.771  
    214.5   -2.282     0.783  
    214.0   -2.857     0.656  
    213.5   -2.913     0.864  
    213.0   -3.655     1.017  
    212.5   -4.105     0.831  
    212.0   -4.536     0.646  
    211.5   -5.152     0.923  
    211.0   -5.722     0.886  
    210.5   -5.995     0.615  
    210.0   -6.734     0.613  
    209.5   -7.856     0.820  
    209.0   -8.059     0.642  
    208.5   -9.224     0.965  
    208.0   -10.064     0.744  
    207.5   -10.631     0.833  
    207.0   -12.127     0.769  
    206.5   -12.720     0.829  
    206.0   -14.249     0.792  
    205.5   -15.440     0.710  
    205.0   -16.470     0.873  
    204.5   -18.305     0.844  
    204.0   -19.012     0.834  
    203.5   -21.206     0.935  
    203.0   -22.344     0.829  
    202.5   -23.700     0.724  
    202.0   -24.958     0.906  
    201.5   -26.714     0.718  
    201.0   -27.856     0.991  
    200.5   -29.352     0.761  
    200.0   -31.310     0.909  
    199.5   -32.904     0.635  
    199.0   -34.213     0.871  
    198.5   -35.521     1.023  
    198.0   -37.148     0.878  
    197.5   -38.345     0.649  
    197.0   -39.679     0.727  
    196.5   -40.766     0.819  
    196.0   -41.724     0.632  
    195.5   -43.187     1.106  
    195.0   -43.918     0.942  
    194.5   -44.334     0.946  
    194.0   -45.213     0.865  
    193.5   -45.485     1.029  
    193.0   -45.848     0.678  
    192.5   -46.310     1.099  
    192.0   -46.327     0.993  
    191.5   -46.938     1.352  
    191.0   -46.344     1.022  
    190.5   -45.607     0.961  
    190.0   -45.493     0.958  
    189.5   -44.444     0.941  
    189.0   -44.756     0.841  
    188.5   -43.587     1.113  
    188.0   -43.081     1.110  
    187.5   -41.723     1.454  
    187.0   -40.623     0.883  
    186.5   -39.789     1.544  
    186.0   -38.915     1.341  
    185.5   -37.930     1.341  
    185.0   -36.406     2.306  
    184.5   -34.899     1.568  
    184.0   -34.965     2.125  
    183.5   -32.737     1.988  
    183.0   -32.725     2.671  
    182.5   -31.912     2.626  
    182.0   -32.697     4.223  
    181.5   -26.736     6.770  
    181.0   -23.750    14.985  
    180.5   -25.040    26.279  
    180.0   -7.585    46.523  
