#Preprocessed CD spectrum:
#source: /home/gnagy/Programs/SESCA_dev/examples/7-Spectrum_preparation
#data columns:  [1, 2, 3]
#input format:  mdeg
#spectrum files:
#CSAplus_01.dat
#CSAplus_02.dat
#CSAplus_03.dat
#basline files:

#   wvlgth  Int_avg   Int_sd 
    300.0   16.992     0.333  
    299.5   17.673     0.175  
    299.0   17.975     0.327  
    298.5   18.601     0.293  
    298.0   19.082     0.329  
    297.5   19.570     0.304  
    297.0   19.996     0.201  
    296.5   20.462     0.253  
    296.0   20.745     0.221  
    295.5   20.853     0.232  
    295.0   21.407     0.311  
    294.5   21.483     0.316  
    294.0   21.734     0.332  
    293.5   21.991     0.249  
    293.0   22.162     0.205  
    292.5   22.254     0.344  
    292.0   22.357     0.370  
    291.5   22.495     0.327  
    291.0   22.660     0.326  
    290.5   22.568     0.170  
    290.0   22.463     0.220  
    289.5   22.306     0.325  
    289.0   22.467     0.219  
    288.5   22.196     0.282  
    288.0   22.066     0.260  
    287.5   21.815     0.267  
    287.0   21.731     0.321  
    286.5   21.488     0.398  
    286.0   21.196     0.306  
    285.5   20.755     0.246  
    285.0   20.665     0.263  
    284.5   20.278     0.222  
    284.0   19.942     0.276  
    283.5   19.521     0.337  
    283.0   19.272     0.309  
    282.5   18.833     0.276  
    282.0   18.467     0.256  
    281.5   18.001     0.377  
    281.0   17.532     0.211  
    280.5   17.056     0.277  
    280.0   16.625     0.188  
    279.5   16.388     0.172  
    279.0   15.810     0.241  
    278.5   15.267     0.223  
    278.0   14.843     0.170  
    277.5   14.341     0.251  
    277.0   14.071     0.248  
    276.5   13.377     0.247  
    276.0   13.011     0.273  
    275.5   12.604     0.177  
    275.0   12.067     0.358  
    274.5   11.822     0.232  
    274.0   11.289     0.310  
    273.5   10.686     0.264  
    273.0   10.394     0.190  
    272.5   10.055     0.291  
    272.0    9.472     0.225  
    271.5    9.008     0.207  
    271.0    8.828     0.208  
    270.5    8.390     0.168  
    270.0    8.071     0.302  
    269.5    7.678     0.203  
    269.0    7.305     0.373  
    268.5    7.080     0.223  
    268.0    6.748     0.334  
    267.5    6.381     0.322  
    267.0    5.977     0.276  
    266.5    5.713     0.203  
    266.0    5.357     0.385  
    265.5    5.178     0.204  
    265.0    4.863     0.195  
    264.5    4.558     0.160  
    264.0    4.265     0.265  
    263.5    4.049     0.262  
    263.0    3.830     0.199  
    262.5    3.649     0.180  
    262.0    3.355     0.287  
    261.5    3.154     0.263  
    261.0    2.821     0.237  
    260.5    2.673     0.246  
    260.0    2.643     0.195  
    259.5    2.328     0.276  
    259.0    2.218     0.283  
    258.5    2.038     0.331  
    258.0    1.775     0.227  
    257.5    1.706     0.325  
    257.0    1.603     0.390  
    256.5    1.528     0.342  
    256.0    1.362     0.380  
    255.5    1.393     0.269  
    255.0    1.224     0.194  
    254.5    1.026     0.322  
    254.0    0.979     0.279  
    253.5    0.922     0.272  
    253.0    0.797     0.181  
    252.5    0.651     0.317  
    252.0    0.589     0.269  
    251.5    0.405     0.268  
    251.0    0.407     0.321  
    250.5    0.515     0.190  
    250.0    0.446     0.275  
    249.5    0.326     0.264  
    249.0    0.192     0.247  
    248.5    0.267     0.303  
    248.0    0.142     0.188  
    247.5   -0.061     0.243  
    247.0    0.011     0.208  
    246.5    0.124     0.203  
    246.0   -0.048     0.251  
    245.5   -0.031     0.192  
    245.0   -0.031     0.382  
    244.5   -0.020     0.233  
    244.0   -0.044     0.234  
    243.5   -0.013     0.191  
    243.0   -0.071     0.210  
    242.5   -0.249     0.234  
    242.0   -0.073     0.292  
    241.5   -0.133     0.376  
    241.0   -0.169     0.190  
    240.5   -0.263     0.161  
    240.0   -0.163     0.217  
    239.5   -0.343     0.454  
    239.0   -0.295     0.357  
    238.5   -0.247     0.196  
    238.0   -0.117     0.300  
    237.5   -0.174     0.168  
    237.0   -0.389     0.277  
    236.5   -0.425     0.263  
    236.0   -0.290     0.368  
    235.5   -0.423     0.293  
    235.0   -0.282     0.186  
    234.5   -0.208     0.192  
    234.0   -0.382     0.271  
    233.5   -0.291     0.284  
    233.0   -0.514     0.311  
    232.5   -0.349     0.258  
    232.0   -0.571     0.321  
    231.5   -0.524     0.352  
    231.0   -0.286     0.298  
    230.5   -0.452     0.384  
    230.0   -0.606     0.281  
    229.5   -0.470     0.325  
    229.0   -0.564     0.261  
    228.5   -0.523     0.317  
    228.0   -0.574     0.264  
    227.5   -0.545     0.348  
    227.0   -0.607     0.311  
    226.5   -0.583     0.458  
    226.0   -0.824     0.266  
    225.5   -0.598     0.308  
    225.0   -0.636     0.222  
    224.5   -0.542     0.231  
    224.0   -0.525     0.264  
    223.5   -0.436     0.425  
    223.0   -0.733     0.312  
    222.5   -0.724     0.491  
    222.0   -0.653     0.363  
    221.5   -0.859     0.433  
    221.0   -1.070     0.353  
    220.5   -1.033     0.338  
    220.0   -1.049     0.307  
    219.5   -1.076     0.324  
    219.0   -1.374     0.336  
    218.5   -1.350     0.269  
    218.0   -1.563     0.280  
    217.5   -1.653     0.395  
    217.0   -1.878     0.493  
    216.5   -1.907     0.300  
    216.0   -2.368     0.311  
    215.5   -2.750     0.535  
    215.0   -2.700     0.283  
    214.5   -3.154     0.418  
    214.0   -3.644     0.360  
    213.5   -3.824     0.354  
    213.0   -4.292     0.520  
    212.5   -4.839     0.425  
    212.0   -5.295     0.300  
    211.5   -5.863     0.482  
    211.0   -6.439     0.388  
    210.5   -6.958     0.330  
    210.0   -7.639     0.295  
    209.5   -8.461     0.458  
    209.0   -9.066     0.346  
    208.5   -9.926     0.462  
    208.0   -10.850     0.490  
    207.5   -11.632     0.521  
    207.0   -12.945     0.341  
    206.5   -13.686     0.545  
    206.0   -15.151     0.503  
    205.5   -16.406     0.361  
    205.0   -17.472     0.501  
    204.5   -19.301     0.488  
    204.0   -19.959     0.397  
    203.5   -21.951     0.596  
    203.0   -23.225     0.407  
    202.5   -24.321     0.413  
    202.0   -25.999     0.581  
    201.5   -27.571     0.354  
    201.0   -29.109     0.691  
    200.5   -30.268     0.329  
    200.0   -32.155     0.620  
    199.5   -33.635     0.350  
    199.0   -35.060     0.428  
    198.5   -36.480     0.631  
    198.0   -37.965     0.577  
    197.5   -39.318     0.377  
    197.0   -40.479     0.429  
    196.5   -41.582     0.482  
    196.0   -42.662     0.356  
    195.5   -44.052     0.718  
    195.0   -44.833     0.543  
    194.5   -45.282     0.665  
    194.0   -46.124     0.533  
    193.5   -46.364     0.735  
    193.0   -46.625     0.461  
    192.5   -47.275     0.682  
    192.0   -47.085     0.664  
    191.5   -47.677     1.001  
    191.0   -47.163     0.751  
    190.5   -46.527     0.568  
    190.0   -46.512     0.675  
    189.5   -45.520     0.659  
    189.0   -45.758     0.629  
    188.5   -44.472     0.809  
    188.0   -44.010     0.839  
    187.5   -42.909     1.006  
    187.0   -41.721     0.569  
    186.5   -40.855     1.072  
    186.0   -40.207     1.060  
    185.5   -39.004     1.084  
    185.0   -37.702     1.822  
    184.5   -36.216     1.183  
    184.0   -36.172     1.658  
    183.5   -34.020     1.542  
    183.0   -34.388     1.967  
    182.5   -33.776     2.053  
    182.0   -34.011     3.469  
    181.5   -29.586     4.750  
    181.0   -25.626    11.903  
    180.5   -26.792    20.757  
    180.0   -10.200    37.519  
