#Bayesian error parameters for SS estimation (2D CD errors, including  side-chain corrections)
#|SS Dist	dim 	mean	SD		min	max	step
Uni_ND		3				0.0	1.0	0.05
&
#|SS change	dim	mean	SD		min	max	step
Gauss			0.05	0.1		0.0	0.2	0.01
&

#|SS project	X-dim		Y-dim
#SS_map		1		2		
&

#|Scale Dist   dim      mean    SD   		 min     max     step
#Gauss			0.87	0.25		 0.2	 5.0	 0.2
&

#|NonSS Dist	min	max	step		min	max	step
Custom_2D	0.0	6.0	0.3		0.2	4.2	0.2
# R0_j  SF_j      P_j 
 0.150  0.300  5.969e-10 
 0.450  0.300  1.437e-05 
 0.750  0.300  5.572e-07 
 1.050  0.300  2.236e-07 
 1.350  0.300  1.240e-09 
 1.650  0.300  2.104e-10 
 1.950  0.300  8.425e-11 
 2.250  0.300  2.683e-11 
 2.550  0.300  8.936e-12 
 2.850  0.300  3.748e-12 
 3.150  0.300  1.699e-12 
 3.450  0.300  7.090e-13 
 3.750  0.300  2.609e-13 
 4.050  0.300  8.481e-14 
 4.350  0.300  2.477e-14 
 4.650  0.300  6.683e-15 
 4.950  0.300  1.728e-15 
 5.250  0.300  4.430e-16 
 5.550  0.300  1.140e-16 
 5.850  0.300  2.909e-17 
 0.150  0.500  1.215e-05 
 0.450  0.500  1.770e-04 
 0.750  0.500  1.561e-05 
 1.050  0.500  7.717e-06 
 1.350  0.500  6.421e-06 
 1.650  0.500  3.544e-06 
 1.950  0.500  1.297e-06 
 2.250  0.500  3.153e-07 
 2.550  0.500  5.109e-08 
 2.850  0.500  5.672e-09 
 3.150  0.500  5.154e-10 
 3.450  0.500  7.422e-11 
 3.750  0.500  2.124e-11 
 4.050  0.500  6.698e-12 
 4.350  0.500  1.936e-12 
 4.650  0.500  5.159e-13 
 4.950  0.500  1.313e-13 
 5.250  0.500  3.308e-14 
 5.550  0.500  8.393e-15 
 5.850  0.500  2.122e-15 
 0.150  0.700  7.530e-04 
 0.450  0.700  2.151e-03 
 0.750  0.700  4.070e-03 
 1.050  0.700  5.110e-03 
 1.350  0.700  4.253e-03 
 1.650  0.700  2.347e-03 
 1.950  0.700  8.590e-04 
 2.250  0.700  2.085e-04 
 2.550  0.700  3.356e-05 
 2.850  0.700  3.579e-06 
 3.150  0.700  2.534e-07 
 3.450  0.700  1.207e-08 
 3.750  0.700  4.487e-10 
 4.050  0.700  3.345e-11 
 4.350  0.700  7.559e-12 
 4.650  0.700  1.976e-12 
 4.950  0.700  4.985e-13 
 5.250  0.700  1.245e-13 
 5.550  0.700  3.135e-14 
 5.850  0.700  7.885e-15 
 0.150  0.900  1.829e-02 
 0.450  0.900  5.222e-02 
 0.750  0.900  9.887e-02 
 1.050  0.900  1.241e-01 
 1.350  0.900  1.033e-01 
 1.650  0.900  5.720e-02 
 1.950  0.900  2.135e-02 
 2.250  0.900  5.459e-03 
 2.550  0.900  9.142e-04 
 2.850  0.900  9.464e-05 
 3.150  0.900  6.331e-06 
 3.450  0.900  2.895e-07 
 3.750  0.900  8.977e-09 
 4.050  0.900  1.896e-10 
 4.350  0.900  3.936e-12 
 4.650  0.900  3.969e-13 
 4.950  0.900  9.453e-14 
 5.250  0.900  2.357e-14 
 5.550  0.900  5.934e-15 
 5.850  0.900  1.492e-15 
 0.150  1.100  1.630e-02 
 0.450  1.100  4.658e-02 
 0.750  1.100  8.843e-02 
 1.050  1.100  1.118e-01 
 1.350  1.100  9.457e-02 
 1.650  1.100  5.416e-02 
 1.950  1.100  2.162e-02 
 2.250  1.100  6.135e-03 
 2.550  1.100  1.150e-03 
 2.850  1.100  1.328e-04 
 3.150  1.100  9.959e-06 
 3.450  1.100  5.031e-07 
 3.750  1.100  1.654e-08 
 4.050  1.100  3.450e-10 
 4.350  1.100  4.551e-12 
 4.650  1.100  4.137e-14 
 4.950  1.100  1.094e-15 
 5.250  1.100  2.252e-16 
 5.550  1.100  5.693e-17 
 5.850  1.100  1.439e-17 
 0.150  1.300  5.595e-04 
 0.450  1.300  1.775e-03 
 0.750  1.300  4.315e-03 
 1.050  1.300  8.477e-03 
 1.350  1.300  1.291e-02 
 1.650  1.300  1.380e-02 
 1.950  1.300  9.558e-03 
 2.250  1.300  4.120e-03 
 2.550  1.300  1.085e-03 
 2.850  1.300  1.730e-04 
 3.150  1.300  1.667e-05 
 3.450  1.300  9.685e-07 
 3.750  1.300  3.390e-08 
 4.050  1.300  7.147e-10 
 4.350  1.300  9.075e-12 
 4.650  1.300  6.941e-14 
 4.950  1.300  3.204e-16 
 5.250  1.300  9.977e-19 
 5.550  1.300  2.920e-20 
 5.850  1.300  7.067e-21 
 0.150  1.500  9.183e-07 
 0.450  1.500  4.443e-06 
 0.750  1.500  1.819e-05 
 1.050  1.500  5.420e-05 
 1.350  1.500  1.051e-04 
 1.650  1.500  1.264e-04 
 1.950  1.500  9.246e-05 
 2.250  1.500  4.088e-05 
 2.550  1.500  1.090e-05 
 2.850  1.500  1.750e-06 
 3.150  1.500  1.692e-07 
 3.450  1.500  9.850e-09 
 3.750  1.500  3.451e-10 
 4.050  1.500  7.276e-12 
 4.350  1.500  9.234e-14 
 4.650  1.500  7.054e-16 
 4.950  1.500  3.243e-18 
 5.250  1.500  8.980e-21 
 5.550  1.500  1.565e-23 
 5.850  1.500  1.921e-25 
 0.150  1.700  3.551e-11 
 0.450  1.700  1.501e-10 
 0.750  1.700  5.456e-10 
 1.050  1.700  1.523e-09 
 1.350  1.700  2.873e-09 
 1.650  1.700  3.413e-09 
 1.950  1.700  2.485e-09 
 2.250  1.700  1.096e-09 
 2.550  1.700  2.919e-10 
 2.850  1.700  4.685e-11 
 3.150  1.700  4.529e-12 
 3.450  1.700  2.635e-13 
 3.750  1.700  9.232e-15 
 4.050  1.700  1.947e-16 
 4.350  1.700  2.471e-18 
 4.650  1.700  1.887e-20 
 4.950  1.700  8.680e-23 
 5.250  1.700  2.404e-25 
 5.550  1.700  4.018e-28 
 5.850  1.700  6.301e-31 
 0.150  1.900  4.562e-17 
 0.450  1.900  1.337e-16 
 0.750  1.900  2.713e-16 
 1.050  1.900  3.990e-16 
 1.350  1.900  4.441e-16 
 1.650  1.900  3.726e-16 
 1.950  1.900  2.225e-16 
 2.250  1.900  8.840e-17 
 2.550  1.900  2.228e-17 
 2.850  1.900  3.473e-18 
 3.150  1.900  3.304e-19 
 3.450  1.900  1.906e-20 
 3.750  1.900  6.651e-22 
 4.050  1.900  1.401e-23 
 4.350  1.900  1.783e-25 
 4.650  1.900  1.370e-27 
 4.950  1.900  6.379e-30 
 5.250  1.900  1.806e-32 
 5.550  1.900  3.143e-35 
 5.850  1.900  4.896e-38 
 0.150  2.100  2.664e-24 
 0.450  2.100  7.606e-24 
 0.750  2.100  1.440e-23 
 1.050  2.100  1.809e-23 
 1.350  2.100  1.508e-23 
 1.650  2.100  8.344e-24 
 1.950  2.100  3.069e-24 
 2.250  2.100  7.508e-25 
 2.550  2.100  1.222e-25 
 2.850  2.100  1.324e-26 
 3.150  2.100  9.516e-28 
 3.450  2.100  4.527e-29 
 3.750  2.100  1.421e-30 
 4.050  2.100  2.934e-32 
 4.350  2.100  3.987e-34 
 4.650  2.100  3.568e-36 
 4.950  2.100  2.110e-38 
 5.250  2.100  8.274e-41 
 5.550  2.100  2.158e-43 
 5.850  2.100  4.237e-46 
 0.150  2.300  5.769e-33 
 0.450  2.300  1.647e-32 
 0.750  2.300  3.119e-32 
 1.050  2.300  3.915e-32 
 1.350  2.300  3.258e-32 
 1.650  2.300  1.798e-32 
 1.950  2.300  6.580e-33 
 2.250  2.300  1.596e-33 
 2.550  2.300  2.568e-34 
 2.850  2.300  2.739e-35 
 3.150  2.300  1.937e-36 
 3.450  2.300  9.083e-38 
 3.750  2.300  2.824e-39 
 4.050  2.300  5.821e-41 
 4.350  2.300  7.957e-43 
 4.650  2.300  7.211e-45 
 4.950  2.300  4.333e-47 
 5.250  2.300  1.726e-49 
 5.550  2.300  4.561e-52 
 5.850  2.300  8.073e-55 
 0.150  2.500  4.582e-43 
 0.450  2.500  1.308e-42 
 0.750  2.500  2.477e-42 
 1.050  2.500  3.109e-42 
 1.350  2.500  2.588e-42 
 1.650  2.500  1.428e-42 
 1.950  2.500  5.226e-43 
 2.250  2.500  1.268e-43 
 2.550  2.500  2.040e-44 
 2.850  2.500  2.175e-45 
 3.150  2.500  1.538e-46 
 3.450  2.500  7.214e-48 
 3.750  2.500  2.243e-49 
 4.050  2.500  4.623e-51 
 4.350  2.500  6.319e-53 
 4.650  2.500  5.727e-55 
 4.950  2.500  3.441e-57 
 5.250  2.500  1.371e-59 
 5.550  2.500  3.625e-62 
 5.850  2.500  6.384e-65 
 0.150  2.700  1.347e-54 
 0.450  2.700  7.109e-54 
 0.750  2.700  1.907e-52 
 1.050  2.700  2.232e-51 
 1.350  2.700  5.874e-51 
 1.650  2.700  3.376e-51 
 1.950  2.700  4.236e-52 
 2.250  2.700  1.188e-53 
 2.550  2.700  1.278e-55 
 2.850  2.700  6.424e-57 
 3.150  2.700  4.481e-58 
 3.450  2.700  2.101e-59 
 3.750  2.700  6.532e-61 
 4.050  2.700  1.347e-62 
 4.350  2.700  1.844e-64 
 4.650  2.700  1.692e-66 
 4.950  2.700  1.121e-68 
 5.250  2.700  7.716e-71 
 5.550  2.700  8.519e-73 
 5.850  2.700  9.725e-75 
 0.150  2.900  4.443e-61 
 0.450  2.900  1.135e-58 
 0.750  2.900  6.312e-57 
 1.050  2.900  7.648e-56 
 1.350  2.900  2.018e-55 
 1.650  2.900  1.160e-55 
 1.950  2.900  1.452e-56 
 2.250  2.900  3.960e-58 
 2.550  2.900  2.352e-60 
 2.850  2.900  3.042e-63 
 3.150  2.900  8.570e-67 
 3.450  2.900  5.496e-71 
 3.750  2.900  1.068e-73 
 4.050  2.900  8.227e-75 
 4.350  2.900  8.376e-76 
 4.650  2.900  6.345e-77 
 4.950  2.900  3.141e-78 
 5.250  2.900  1.003e-79 
 5.550  2.900  2.085e-81 
 5.850  2.900  2.902e-83 
 0.150  3.100  3.517e-66 
 0.450  3.100  8.983e-64 
 0.750  3.100  4.997e-62 
 1.050  3.100  6.055e-61 
 1.350  3.100  1.598e-60 
 1.650  3.100  9.184e-61 
 1.950  3.100  1.150e-61 
 2.250  3.100  3.135e-63 
 2.550  3.100  1.862e-65 
 2.850  3.100  2.408e-68 
 3.150  3.100  6.784e-72 
 3.450  3.100  4.163e-76 
 3.750  3.100  5.825e-81 
 4.050  3.100  3.407e-83 
 4.350  3.100  3.378e-84 
 4.650  3.100  2.544e-85 
 4.950  3.100  1.452e-86 
 5.250  3.100  6.308e-88 
 5.550  3.100  2.096e-89 
 5.850  3.100  5.350e-91 
 0.150  3.300  6.407e-72 
 0.450  3.300  1.636e-69 
 0.750  3.300  9.103e-68 
 1.050  3.300  1.103e-66 
 1.350  3.300  2.910e-66 
 1.650  3.300  1.673e-66 
 1.950  3.300  2.094e-67 
 2.250  3.300  5.710e-69 
 2.550  3.300  3.391e-71 
 2.850  3.300  4.387e-74 
 3.150  3.300  1.236e-77 
 3.450  3.300  7.583e-82 
 3.750  3.300  1.014e-86 
 4.050  3.300  7.806e-91 
 4.350  3.300  7.378e-92 
 4.650  3.300  5.546e-93 
 4.950  3.300  3.191e-94 
 5.250  3.300  1.405e-95 
 5.550  3.300  4.732e-97 
 5.850  3.300  1.220e-98 
 0.150  3.500  2.685e-78 
 0.450  3.500  6.859e-76 
 0.750  3.500  3.815e-74 
 1.050  3.500  4.623e-73 
 1.350  3.500  1.220e-72 
 1.650  3.500  7.012e-73 
 1.950  3.500  8.778e-74 
 2.250  3.500  2.393e-75 
 2.550  3.500  1.421e-77 
 2.850  3.500  1.839e-80 
 3.150  3.500  5.180e-84 
 3.450  3.500  3.178e-88 
 3.750  3.500  4.248e-93 
 4.050  3.500  1.592e-98 
 4.350  3.500  3.493e-100 
 4.650  3.500  2.625e-101 
 4.950  3.500  1.510e-102 
 5.250  3.500  6.649e-104 
 5.550  3.500  2.240e-105 
 5.850  3.500  5.774e-107 
 0.150  3.700  2.590e-85 
 0.450  3.700  6.615e-83 
 0.750  3.700  3.680e-81 
 1.050  3.700  4.459e-80 
 1.350  3.700  1.177e-79 
 1.650  3.700  6.763e-80 
 1.950  3.700  8.466e-81 
 2.250  3.700  2.308e-82 
 2.550  3.700  1.371e-84 
 2.850  3.700  1.773e-87 
 3.150  3.700  4.996e-91 
 3.450  3.700  3.066e-95 
 3.750  3.700  4.097e-100 
 4.050  3.700  1.196e-105 
 4.350  3.700  3.405e-109 
 4.650  3.700  2.554e-110 
 4.950  3.700  1.469e-111 
 5.250  3.700  6.468e-113 
 5.550  3.700  2.179e-114 
 5.850  3.700  5.618e-116 
 0.150  3.900  5.748e-93 
 0.450  3.900  1.468e-90 
 0.750  3.900  8.167e-89 
 1.050  3.900  9.895e-88 
 1.350  3.900  2.611e-87 
 1.650  3.900  1.501e-87 
 1.950  3.900  1.879e-88 
 2.250  3.900  5.123e-90 
 2.550  3.900  3.042e-92 
 2.850  3.900  3.935e-95 
 3.150  3.900  1.109e-98 
 3.450  3.900  6.803e-103 
 3.750  3.900  9.092e-108 
 4.050  3.900  2.647e-113 
 4.350  3.900  8.472e-119 
 4.650  3.900  5.107e-120 
 4.950  3.900  2.938e-121 
 5.250  3.900  1.293e-122 
 5.550  3.900  4.357e-124 
 5.850  3.900  1.123e-125 
 0.150  4.100  2.935e-101 
 0.450  4.100  7.497e-99 
 0.750  4.100  4.170e-97 
 1.050  4.100  5.053e-96 
 1.350  4.100  1.333e-95 
 1.650  4.100  7.664e-96 
 1.950  4.100  9.594e-97 
 2.250  4.100  2.616e-98 
 2.550  4.100  1.554e-100 
 2.850  4.100  2.010e-103 
 3.150  4.100  5.662e-107 
 3.450  4.100  3.474e-111 
 3.750  4.100  4.643e-116 
 4.050  4.100  1.352e-121 
 4.350  4.100  8.848e-128 
 4.650  4.100  2.099e-130 
 4.950  4.100  1.207e-131 
 5.250  4.100  5.315e-133 
 5.550  4.100  1.790e-134 
 5.850  4.100  4.616e-136 
&
