#Bayesian error parameters for SS estimation (2D CD errors, no  side-chain corrections)
#|SS Dist	dim 	mean	SD		min	max	step
Uni_ND		3				0.0	1.0	0.05
&
#|SS change	dim	mean	SD		min	max	step
Gauss			0.05	0.1		0.0	0.2	0.01
&

#|SS project	X-dim		Y-dim
#SS_map		1		2
&

#|Scale Dist   dim      mean    SD   		 min     max     step
#Gauss			0.87	0.25		 0.2	 5.0	 0.2
&

#|NonSS Dist	min	max	step		min	max	step
Custom_2D	0.0	6.0	0.3		0.2	4.2	0.2
# R0_j  SF_j      P_j 
 0.150  0.300  6.476e-07 
 0.450  0.300  7.186e-05 
 0.750  0.300  9.779e-05 
 1.050  0.300  1.632e-06 
 1.350  0.300  5.093e-10 
 1.650  0.300  2.703e-10 
 1.950  0.300  5.814e-10 
 2.250  0.300  1.380e-09 
 2.550  0.300  2.479e-09 
 2.850  0.300  2.959e-09 
 3.150  0.300  2.280e-09 
 3.450  0.300  1.127e-09 
 3.750  0.300  3.565e-10 
 4.050  0.300  7.220e-11 
 4.350  0.300  9.359e-12 
 4.650  0.300  7.762e-13 
 4.950  0.300  4.121e-14 
 5.250  0.300  1.401e-15 
 5.550  0.300  3.078e-17 
 5.850  0.300  4.927e-19 
 0.150  0.500  2.861e-10 
 0.450  0.500  1.155e-09 
 0.750  0.500  2.615e-09 
 1.050  0.500  8.140e-09 
 1.350  0.500  3.755e-06 
 1.650  0.500  6.512e-06 
 1.950  0.500  4.266e-08 
 2.250  0.500  5.535e-08 
 2.550  0.500  9.969e-08 
 2.850  0.500  1.191e-07 
 3.150  0.500  9.176e-08 
 3.450  0.500  4.535e-08 
 3.750  0.500  1.435e-08 
 4.050  0.500  2.906e-09 
 4.350  0.500  3.768e-10 
 4.650  0.500  3.130e-11 
 4.950  0.500  1.673e-12 
 5.250  0.500  6.001e-14 
 5.550  0.500  2.023e-15 
 5.850  0.500  1.696e-16 
 0.150  0.700  1.241e-07 
 0.450  0.700  5.281e-07 
 0.750  0.700  1.506e-06 
 1.050  0.700  2.877e-06 
 1.350  0.700  3.695e-06 
 1.650  0.700  3.248e-06 
 1.950  0.700  2.193e-06 
 2.250  0.700  1.756e-06 
 2.550  0.700  2.131e-06 
 2.850  0.700  2.368e-06 
 3.150  0.700  1.805e-06 
 3.450  0.700  8.903e-07 
 3.750  0.700  2.817e-07 
 4.050  0.700  5.707e-08 
 4.350  0.700  7.405e-09 
 4.650  0.700  6.172e-10 
 4.950  0.700  3.368e-11 
 5.250  0.700  1.385e-12 
 5.550  0.700  8.447e-14 
 5.850  0.700  1.188e-14 
 0.150  0.900  1.410e-04 
 0.450  0.900  6.025e-04 
 0.750  0.900  1.719e-03 
 1.050  0.900  3.277e-03 
 1.350  0.900  4.176e-03 
 1.650  0.900  3.560e-03 
 1.950  0.900  2.036e-03 
 2.250  0.900  7.907e-04 
 2.550  0.900  2.216e-04 
 2.850  0.900  5.860e-05 
 3.150  0.900  2.180e-05 
 3.450  0.900  8.940e-06 
 3.750  0.900  2.726e-06 
 4.050  0.900  5.477e-07 
 4.350  0.900  7.086e-08 
 4.650  0.900  5.881e-09 
 4.950  0.900  3.145e-10 
 5.250  0.900  1.131e-11 
 5.550  0.900  3.877e-13 
 5.850  0.900  3.333e-14 
 0.150  1.100  4.350e-03 
 0.450  1.100  1.859e-02 
 0.750  1.100  5.307e-02 
 1.050  1.100  1.012e-01 
 1.350  1.100  1.291e-01 
 1.650  1.100  1.103e-01 
 1.950  1.100  6.320e-02 
 2.250  1.100  2.447e-02 
 2.550  1.100  6.514e-03 
 2.850  1.100  1.278e-03 
 3.150  1.100  2.343e-04 
 3.450  1.100  5.493e-05 
 3.750  1.100  1.376e-05 
 4.050  1.100  2.621e-06 
 4.350  1.100  3.337e-07 
 4.650  1.100  2.751e-08 
 4.950  1.100  1.457e-09 
 5.250  1.100  4.949e-11 
 5.550  1.100  1.088e-12 
 5.850  1.100  1.764e-14 
 0.150  1.300  3.593e-03 
 0.450  1.300  1.541e-02 
 0.750  1.300  4.421e-02 
 1.050  1.300  8.505e-02 
 1.350  1.300  1.101e-01 
 1.650  1.300  9.634e-02 
 1.950  1.300  5.769e-02 
 2.250  1.300  2.413e-02 
 2.550  1.300  7.372e-03 
 2.850  1.300  1.831e-03 
 3.150  1.300  4.546e-04 
 3.450  1.300  1.263e-04 
 3.750  1.300  3.220e-05 
 4.050  1.300  6.061e-06 
 4.350  1.300  7.653e-07 
 4.650  1.300  6.284e-08 
 4.950  1.300  3.321e-09 
 5.250  1.300  1.126e-10 
 5.550  1.300  2.445e-12 
 5.850  1.300  3.400e-14 
 0.150  1.500  9.257e-05 
 0.450  1.500  4.210e-04 
 0.750  1.500  1.318e-03 
 1.050  1.500  2.882e-03 
 1.350  1.500  4.475e-03 
 1.650  1.500  5.025e-03 
 1.950  1.500  4.151e-03 
 2.250  1.500  2.586e-03 
 2.550  1.500  1.298e-03 
 2.850  1.500  6.031e-04 
 3.150  1.500  2.793e-04 
 3.450  1.500  1.124e-04 
 3.750  1.500  3.310e-05 
 4.050  1.500  6.537e-06 
 4.350  1.500  8.394e-07 
 4.650  1.500  6.937e-08 
 4.950  1.500  3.676e-09 
 5.250  1.500  1.248e-10 
 5.550  1.500  2.711e-12 
 5.850  1.500  3.770e-14 
 0.150  1.700  6.535e-07 
 0.450  1.700  3.821e-06 
 0.750  1.700  1.563e-05 
 1.050  1.700  4.473e-05 
 1.350  1.700  8.993e-05 
 1.650  1.700  1.293e-04 
 1.950  1.700  1.427e-04 
 2.250  1.700  1.449e-04 
 2.550  1.700  1.567e-04 
 2.850  1.700  1.549e-04 
 3.150  1.700  1.127e-04 
 3.450  1.700  5.477e-05 
 3.750  1.700  1.724e-05 
 4.050  1.700  3.485e-06 
 4.350  1.700  4.514e-07 
 4.650  1.700  3.743e-08 
 4.950  1.700  1.987e-09 
 5.250  1.700  6.747e-11 
 5.550  1.700  1.466e-12 
 5.850  1.700  2.040e-14 
 0.150  1.900  2.374e-09 
 0.450  1.900  1.418e-08 
 0.750  1.900  5.962e-08 
 1.050  1.900  1.850e-07 
 1.350  1.900  5.106e-07 
 1.650  1.900  1.690e-06 
 1.950  1.900  6.040e-06 
 2.250  1.900  1.675e-05 
 2.550  1.900  3.117e-05 
 2.850  1.900  3.751e-05 
 3.150  1.900  2.897e-05 
 3.450  1.900  1.433e-05 
 3.750  1.900  4.535e-06 
 4.050  1.900  9.186e-07 
 4.350  1.900  1.191e-07 
 4.650  1.900  9.876e-09 
 4.950  1.900  5.242e-10 
 5.250  1.900  1.780e-11 
 5.550  1.900  3.870e-13 
 5.850  1.900  5.382e-15 
 0.150  2.100  9.911e-13 
 0.450  2.100  9.321e-12 
 0.750  2.100  1.312e-10 
 1.050  2.100  1.981e-09 
 1.350  2.100  2.170e-08 
 1.650  2.100  1.556e-07 
 1.950  2.100  7.168e-07 
 2.250  2.100  2.114e-06 
 2.550  2.100  3.991e-06 
 2.850  2.100  4.821e-06 
 3.150  2.100  3.727e-06 
 3.450  2.100  1.844e-06 
 3.750  2.100  5.836e-07 
 4.050  2.100  1.182e-07 
 4.350  2.100  1.532e-08 
 4.650  2.100  1.271e-09 
 4.950  2.100  6.745e-11 
 5.250  2.100  2.291e-12 
 5.550  2.100  4.980e-14 
 5.850  2.100  6.926e-16 
 0.150  2.300  5.819e-15 
 0.450  2.300  2.488e-13 
 0.750  2.300  6.836e-12 
 1.050  2.300  1.203e-10 
 1.350  2.300  1.354e-09 
 1.650  2.300  9.753e-09 
 1.950  2.300  4.497e-08 
 2.250  2.300  1.327e-07 
 2.550  2.300  2.504e-07 
 2.850  2.300  3.025e-07 
 3.150  2.300  2.339e-07 
 3.450  2.300  1.157e-07 
 3.750  2.300  3.662e-08 
 4.050  2.300  7.417e-09 
 4.350  2.300  9.614e-10 
 4.650  2.300  7.975e-11 
 4.950  2.300  4.233e-12 
 5.250  2.300  1.438e-13 
 5.550  2.300  3.125e-15 
 5.850  2.300  4.346e-17 
 0.150  2.500  1.770e-16 
 0.450  2.500  7.607e-15 
 0.750  2.500  2.091e-13 
 1.050  2.500  3.680e-12 
 1.350  2.500  4.143e-11 
 1.650  2.500  2.984e-10 
 1.950  2.500  1.376e-09 
 2.250  2.500  4.059e-09 
 2.550  2.500  7.663e-09 
 2.850  2.500  9.257e-09 
 3.150  2.500  7.156e-09 
 3.450  2.500  3.540e-09 
 3.750  2.500  1.120e-09 
 4.050  2.500  2.270e-10 
 4.350  2.500  2.942e-11 
 4.650  2.500  2.440e-12 
 4.950  2.500  1.295e-13 
 5.250  2.500  4.399e-15 
 5.550  2.500  9.561e-17 
 5.850  2.500  1.330e-18 
 0.150  2.700  2.642e-18 
 0.450  2.700  1.135e-16 
 0.750  2.700  3.121e-15 
 1.050  2.700  5.490e-14 
 1.350  2.700  6.181e-13 
 1.650  2.700  4.453e-12 
 1.950  2.700  2.053e-11 
 2.250  2.700  6.057e-11 
 2.550  2.700  1.143e-10 
 2.850  2.700  1.381e-10 
 3.150  2.700  1.068e-10 
 3.450  2.700  5.282e-11 
 3.750  2.700  1.672e-11 
 4.050  2.700  3.387e-12 
 4.350  2.700  4.390e-13 
 4.650  2.700  3.641e-14 
 4.950  2.700  1.933e-15 
 5.250  2.700  6.564e-17 
 5.550  2.700  1.427e-18 
 5.850  2.700  1.984e-20 
 0.150  2.900  1.922e-20 
 0.450  2.900  8.258e-19 
 0.750  2.900  2.271e-17 
 1.050  2.900  3.995e-16 
 1.350  2.900  4.498e-15 
 1.650  2.900  3.240e-14 
 1.950  2.900  1.494e-13 
 2.250  2.900  4.407e-13 
 2.550  2.900  8.319e-13 
 2.850  2.900  1.005e-12 
 3.150  2.900  7.769e-13 
 3.450  2.900  3.843e-13 
 3.750  2.900  1.216e-13 
 4.050  2.900  2.464e-14 
 4.350  2.900  3.194e-15 
 4.650  2.900  2.649e-16 
 4.950  2.900  1.406e-17 
 5.250  2.900  4.776e-19 
 5.550  2.900  1.038e-20 
 5.850  2.900  1.444e-22 
 0.150  3.100  6.820e-23 
 0.450  3.100  2.930e-21 
 0.750  3.100  8.056e-20 
 1.050  3.100  1.417e-18 
 1.350  3.100  1.596e-17 
 1.650  3.100  1.150e-16 
 1.950  3.100  5.300e-16 
 2.250  3.100  1.564e-15 
 2.550  3.100  2.952e-15 
 2.850  3.100  3.566e-15 
 3.150  3.100  2.756e-15 
 3.450  3.100  1.364e-15 
 3.750  3.100  4.316e-16 
 4.050  3.100  8.743e-17 
 4.350  3.100  1.133e-17 
 4.650  3.100  9.400e-19 
 4.950  3.100  4.989e-20 
 5.250  3.100  1.695e-21 
 5.550  3.100  3.683e-23 
 5.850  3.100  5.123e-25 
 0.150  3.300  1.180e-25 
 0.450  3.300  5.070e-24 
 0.750  3.300  1.394e-22 
 1.050  3.300  2.452e-21 
 1.350  3.300  2.761e-20 
 1.650  3.300  1.989e-19 
 1.950  3.300  9.170e-19 
 2.250  3.300  2.705e-18 
 2.550  3.300  5.107e-18 
 2.850  3.300  6.170e-18 
 3.150  3.300  4.769e-18 
 3.450  3.300  2.359e-18 
 3.750  3.300  7.468e-19 
 4.050  3.300  1.513e-19 
 4.350  3.300  1.961e-20 
 4.650  3.300  1.626e-21 
 4.950  3.300  8.632e-23 
 5.250  3.300  2.932e-24 
 5.550  3.300  6.373e-26 
 5.850  3.300  8.863e-28 
 0.150  3.500  9.955e-29 
 0.450  3.500  4.277e-27 
 0.750  3.500  1.176e-25 
 1.050  3.500  2.069e-24 
 1.350  3.500  2.329e-23 
 1.650  3.500  1.678e-22 
 1.950  3.500  7.737e-22 
 2.250  3.500  2.282e-21 
 2.550  3.500  4.309e-21 
 2.850  3.500  5.205e-21 
 3.150  3.500  4.024e-21 
 3.450  3.500  1.990e-21 
 3.750  3.500  6.301e-22 
 4.050  3.500  1.276e-22 
 4.350  3.500  1.654e-23 
 4.650  3.500  1.372e-24 
 4.950  3.500  7.283e-26 
 5.250  3.500  2.474e-27 
 5.550  3.500  5.377e-29 
 5.850  3.500  7.478e-31 
 0.150  3.700  4.096e-32 
 0.450  3.700  1.760e-30 
 0.750  3.700  4.838e-29 
 1.050  3.700  8.513e-28 
 1.350  3.700  9.584e-27 
 1.650  3.700  6.905e-26 
 1.950  3.700  3.183e-25 
 2.250  3.700  9.391e-25 
 2.550  3.700  1.773e-24 
 2.850  3.700  2.142e-24 
 3.150  3.700  1.655e-24 
 3.450  3.700  8.189e-25 
 3.750  3.700  2.592e-25 
 4.050  3.700  5.251e-26 
 4.350  3.700  6.806e-27 
 4.650  3.700  5.645e-28 
 4.950  3.700  2.996e-29 
 5.250  3.700  1.018e-30 
 5.550  3.700  2.212e-32 
 5.850  3.700  3.077e-34 
 0.150  3.900  8.217e-36 
 0.450  3.900  3.531e-34 
 0.750  3.900  9.707e-33 
 1.050  3.900  1.708e-31 
 1.350  3.900  1.923e-30 
 1.650  3.900  1.385e-29 
 1.950  3.900  6.386e-29 
 2.250  3.900  1.884e-28 
 2.550  3.900  3.557e-28 
 2.850  3.900  4.296e-28 
 3.150  3.900  3.321e-28 
 3.450  3.900  1.643e-28 
 3.750  3.900  5.201e-29 
 4.050  3.900  1.053e-29 
 4.350  3.900  1.365e-30 
 4.650  3.900  1.133e-31 
 4.950  3.900  6.012e-33 
 5.250  3.900  2.042e-34 
 5.550  3.900  4.438e-36 
 5.850  3.900  6.172e-38 
 0.150  4.100  8.052e-40 
 0.450  4.100  3.454e-38 
 0.750  4.100  9.497e-37 
 1.050  4.100  1.671e-35 
 1.350  4.100  1.881e-34 
 1.650  4.100  1.355e-33 
 1.950  4.100  6.248e-33 
 2.250  4.100  1.843e-32 
 2.550  4.100  3.480e-32 
 2.850  4.100  4.203e-32 
 3.150  4.100  3.249e-32 
 3.450  4.100  1.607e-32 
 3.750  4.100  5.088e-33 
 4.050  4.100  1.031e-33 
 4.350  4.100  1.336e-34 
 4.650  4.100  1.108e-35 
 4.950  4.100  5.881e-37 
 5.250  4.100  1.998e-38 
 5.550  4.100  4.342e-40 
 5.850  4.100  6.038e-42 
&
