#Derived Basis Spectrum set for calculating CD spectra
#spectrum_list: /home/gnagy/Documents/Gottingen/IDPs/experiments/CD_test/arom/side_Avg6/BB_corr_scale/CD_corr_MP79.inp
#SS_list: /home/gnagy/Documents/Gottingen/IDPs/experiments/CD_test/arom/side_Avg6/Seq_MP79.inp
#Number of decomposed  spectra: 79

#Combination matrix for Structural Properties:
#Basis/     ALA       ASP       ASN       ARG       CYS       GLY       GLU       GLN       HIS       ILE       LEU       LYS       MET       PHE       PRO       SER       THR       TRP       TYR       VAL       
# GRP1 :    0.0000    0.0000    0.0000    0.0000    1.0000    0.0000    1.0000    1.0000    0.0000    0.0000    0.0000    0.0000    0.0000    0.0000    0.0000    0.0000    0.0000    0.0000    0.0000    0.0000  
# GRP2 :    0.0000    0.0000    0.0000    0.0000    0.0000    0.0000    0.0000    0.0000    0.0000    1.0000    0.0000    0.0000    0.0000    0.0000    0.0000    0.0000    0.0000    0.0000    0.0000    0.0000  
# GRP3 :    0.0000    0.0000    0.0000    0.0000    0.0000    0.0000    0.0000    0.0000    0.0000    0.0000    0.0000    0.0000    0.0000    0.0000    1.0000    0.0000    1.0000    0.0000    1.0000    0.0000  
# GRP4 :    0.0000    0.0000    1.0000    1.0000    0.0000    0.0000    0.0000    0.0000    0.0000    0.0000    0.0000    0.0000    0.0000    0.0000    0.0000    0.0000    0.0000    1.0000    0.0000    1.0000  
# GRP5 :    1.0000    0.0000    0.0000    0.0000    0.0000    1.0000    0.0000    0.0000    1.0000    0.0000    0.0000    0.0000    0.0000    1.0000    0.0000    1.0000    0.0000    0.0000    0.0000    0.0000  
# GRP6 :    0.0000    1.0000    0.0000    0.0000    0.0000    0.0000    0.0000    0.0000    0.0000    0.0000    1.0000    1.0000    1.0000    0.0000    0.0000    0.0000    0.0000    0.0000    0.0000    0.0000  


#|  Wavelength      GRP1           GRP2           GRP3           GRP4           GRP5           GRP6           
#      nm        T (10^3)       T (10^3)       T (10^3)       T (10^3)       T (10^3)       T (10^3)      
     269.0        -0.1128         -0.0596         -0.3456         -0.0347         0.2086         0.0518      
     268.0        -0.1214         0.2450         -0.1564         -0.2508         0.1141         0.1687      
     267.0        0.0815         0.0164         -0.0180         -0.1109         0.0058         0.0014      
     266.0        0.0725         -0.1469         0.0508         0.0171         -0.0732         -0.0134      
     265.0        -0.0367         -0.2611         -0.0188         0.1482         -0.0570         0.0223      
     264.0        -0.1043         -0.4388         0.0011         0.1234         -0.0178         0.0689      
     263.0        -0.0250         -0.4525         -0.0300         0.0452         0.0678         0.0202      
     262.0        -0.0694         -0.2658         0.0124         0.0556         0.0201         -0.0019      
     261.0        -0.0116         -0.2173         -0.0165         0.1154         -0.0553         -0.0044      
     260.0        -0.0222         -0.1142         -0.0520         0.1489         -0.1819         0.1431      
     259.0        -0.0250         -0.0036         -0.0542         0.0380         -0.2003         0.2451      
     258.0        0.0620         -0.1318         0.0318         -0.1104         -0.1866         0.2746      
     257.0        0.1280         -0.3502         0.0131         -0.1675         -0.1282         0.2415      
     256.0        0.0440         -0.2711         0.0106         -0.2422         -0.0298         0.1919      
     255.0        0.1225         -0.2992         -0.0051         -0.2338         -0.0260         0.1449      
     254.0        0.1869         -0.2044         -0.0532         -0.2744         -0.1022         0.2762      
     253.0        0.1818         -0.1115         -0.0149         -0.3286         -0.1209         0.3202      
     252.0        0.3067         -0.2109         0.0025         -0.2759         -0.1374         0.2446      
     251.0        0.2391         -0.0887         0.0083         -0.2223         -0.1792         0.2040      
     250.0        0.1427         0.0254         0.0167         -0.2722         -0.0944         0.1701      
     249.0        0.2297         0.0885         0.0797         -0.3415         -0.0697         0.1144      
     248.0        0.2808         0.0841         0.1081         -0.4264         -0.0267         0.1305      
     247.0        0.2605         -0.1062         0.0951         -0.4578         0.0493         0.1770      
     246.0        0.2738         -0.2800         0.0384         -0.4670         0.1401         0.1637      
     245.0        0.1252         -0.6117         0.0570         -0.4335         0.2442         0.1601      
     244.0        0.0179         -0.6819         -0.0019         -0.4232         0.3603         0.1807      
     243.0        -0.0300         -0.6067         0.1730         -0.4365         0.4498         0.0497      
     242.0        0.0683         -0.7404         0.3529         -0.4697         0.4608         -0.0302      
     241.0        0.0653         -0.7964         0.6132         -0.5669         0.4077         0.0224      
     240.0        0.1098         -0.9411         0.7690         -0.5988         0.3584         0.0194      
     239.0        0.1124         -1.3562         0.9113         -0.5734         0.4022         -0.0400      
     238.0        0.0565         -1.6128         1.0312         -0.5561         0.4474         -0.0241      
     237.0        -0.0890         -2.1347         1.3231         -0.5263         0.6015         -0.1410      
     236.0        -0.0595         -2.3626         1.5480         -0.4320         0.6800         -0.3471      
     235.0        -0.1035         -2.4130         1.8433         -0.4366         0.7863         -0.4750      
     234.0        -0.1722         -2.7839         2.0996         -0.3224         0.8252         -0.5472      
     233.0        -0.1934         -3.3852         2.3284         -0.1771         0.9973         -0.7390      
     232.0        -0.1043         -3.8238         2.7021         0.0110         1.1230         -1.0949      
     231.0        -0.2185         -4.4017         3.0470         0.2750         1.3189         -1.4339      
     230.0        -0.2343         -4.8546         3.1510         0.5738         1.5958         -1.8251      
     229.0        -0.3655         -4.9377         3.0309         0.9451         1.9082         -2.1189      
     228.0        -0.5350         -5.0934         2.7749         1.3510         2.2570         -2.3211      
     227.0        -0.5540         -5.1191         2.3847         1.6508         2.6877         -2.5487      
     226.0        -0.5156         -4.8938         2.0749         1.8316         3.0627         -2.7710      
     225.0        -0.5194         -4.8944         1.7457         1.8434         3.5648         -2.8814      
     224.0        -0.5314         -4.6968         1.4471         1.7272         4.0777         -2.9607      
     223.0        -0.4814         -4.5278         1.0358         1.5600         4.5831         -2.9492      
     222.0        -0.3276         -4.2066         0.5395         1.2405         5.0926         -2.8652      
     221.0        -0.1296         -4.0761         -0.0451         0.8341         5.6396         -2.7057      
     220.0        0.0411         -3.5931         -0.5152         0.2829         6.1618         -2.5841      
     219.0        0.2538         -3.4795         -0.9175         -0.2816         6.7399         -2.4946      
     218.0        0.4720         -3.3746         -1.2494         -0.9720         7.2321         -2.2702      
     217.0        0.7498         -3.1559         -1.4563         -1.5909         7.6489         -2.2144      
     216.0        1.0050         -2.8562         -1.6690         -2.2425         7.9580         -2.0383      
     215.0        1.1203         -2.7678         -1.9086         -2.7233         8.2864         -1.9164      
     214.0        1.1241         -2.6525         -1.9207         -3.1600         8.4678         -1.8746      
     213.0        1.1424         -2.8150         -1.8754         -3.5094         8.6840         -1.9253      
     212.0        1.2216         -3.1116         -1.8901         -3.7892         8.8834         -2.0113      
     211.0        1.2269         -3.1817         -1.8499         -4.0649         9.1295         -2.2502      
     210.0        1.1135         -3.3756         -1.8523         -4.2306         9.3975         -2.5021      
     209.0        0.8463         -3.6355         -1.6837         -4.4284         9.7462         -2.9171      
     208.0        0.4834         -4.0754         -1.2486         -4.5858         10.0711         -3.5249      
     207.0        0.0262         -4.6159         -0.6842         -4.8132         10.4285         -4.1986      
     206.0        -0.4823         -5.4450         -0.1118         -4.8924         10.8264         -5.0138      
     205.0        -1.0048         -6.2929         0.6416         -4.9243         11.0864         -5.9154      
     204.0        -1.5237         -6.9930         1.6581         -4.9856         11.1122         -6.7231      
     203.0        -1.7759         -7.8916         2.8815         -5.0728         10.8998         -7.4711      
     202.0        -1.9273         -8.9894         4.0140         -5.2690         10.5428         -7.9984      
     201.0        -1.9559         -9.9157         4.9712         -5.5425         9.9628         -8.2861      
     200.0        -1.9164         -10.8595         5.1922         -5.7431         9.3575         -8.2081      
     199.0        -1.7013         -11.4448         4.5058         -6.0784         8.8792         -7.8041      
     198.0        -1.3981         -11.5369         3.3875         -6.4570         8.5643         -7.2548      
     197.0        -0.9733         -11.3190         1.5900         -6.6257         8.5027         -6.6023      
     196.0        -0.4288         -10.3405         -0.6785         -6.4657         8.5128         -6.0260      
     195.0        0.4856         -8.5928         -2.9914         -6.2575         8.4620         -5.5784      
     194.0        1.6343         -6.1989         -5.5030         -5.4693         7.9887         -5.0380      
     193.0        2.9037         -3.2161         -7.9597         -4.6667         7.3649         -4.4531      
     192.0        4.5393         -0.3924         -10.0653         -3.7768         6.3900         -3.7967      
     191.0        6.0714         2.1975         -12.2310         -2.5675         5.3771         -3.0912      
     190.0        7.3364         4.2507         -14.1122         -1.2559         4.3860         -2.2947      
     189.0        8.6292         5.5468         -15.2498         -0.2996         3.5317         -1.7308      
     188.0        9.5970         6.3508         -15.5351         0.7065         2.7408         -1.3814      
     187.0        9.9671         6.4321         -14.9014         1.4386         2.2257         -1.1826      
     186.0        10.3445         5.9447         -13.6046         2.0290         1.7960         -1.2815      
     185.0        10.6974         5.7979         -12.1047         2.4181         1.8105         -1.9875      
     184.0        10.4632         4.8826         -10.2053         2.6194         2.2699         -2.8171      
     183.0        10.3734         3.3896         -8.1230         2.3096         3.0417         -3.7983      
     182.0        9.9833         1.8338         -5.7266         2.2169         3.6061         -4.7553      
     181.0        9.4760         0.4229         -3.4293         2.0882         4.1338         -5.5867      
     180.0        8.5149         -1.0714         -1.1361         1.9616         4.5916         -6.1486      
     179.0        7.9337         -2.3896         0.4952         1.8439         5.1366         -6.7324      
     178.0        6.2910         -3.5903         2.1291         1.3844         5.9081         -6.7041      
