#Derived Basis Spectrum set for calculating CD spectra
#spectrum_list: /home/gnagy/Documents/Gottingen/IDPs/experiments/CD_test/arom/side_Avg6/BB_corr_scale/CD_corr_MP79.inp
#SS_list: /home/gnagy/Documents/Gottingen/IDPs/experiments/CD_test/arom/side_Avg6/Seq_MP79.inp
#Number of decomposed  spectra: 79

#Combination matrix for Structural Properties:
#Basis/     ALA       ASP       ASN       ARG       CYS       GLY       GLU       GLN       HIS       ILE       LEU       LYS       MET       PHE       PRO       SER       THR       TRP       TYR       VAL       
# GRP1 :    0.0000    0.0000    0.0000    0.0000    0.0000    0.0000    0.0000    0.0000    1.0000    0.0000    0.0000    0.0000    0.0000    1.0000    0.0000    0.0000    0.0000    1.0000    1.0000    0.0000  
# GRP2 :    0.0000    1.0000    1.0000    1.0000    0.0000    0.0000    1.0000    1.0000    0.0000    0.0000    0.0000    0.0000    0.0000    0.0000    0.0000    0.0000    0.0000    0.0000    0.0000    0.0000  
# GRP3 :    0.0000    0.0000    0.0000    0.0000    0.0000    1.0000    0.0000    0.0000    0.0000    0.0000    0.0000    0.0000    0.0000    0.0000    0.0000    0.0000    0.0000    0.0000    0.0000    0.0000  
# GRP4 :    1.0000    0.0000    0.0000    0.0000    1.0000    0.0000    0.0000    0.0000    0.0000    1.0000    1.0000    1.0000    1.0000    0.0000    1.0000    1.0000    1.0000    0.0000    0.0000    1.0000  


#|  Wavelength      GRP1           GRP2           GRP3           GRP4           
#      nm        T (10^3)       T (10^3)       T (10^3)       T (10^3)      
     269.0        -0.1830         -0.0389         0.2455         0.0052      
     268.0        -0.3493         -0.0084         0.1709         0.0351      
     267.0        -0.0941         -0.0716         0.0210         0.0280      
     266.0        -0.0923         -0.0139         -0.0666         0.0141      
     265.0        -0.2016         0.0191         -0.0436         0.0308      
     264.0        -0.1798         0.0558         0.0005         0.0050      
     263.0        -0.1489         0.0687         0.0912         -0.0151      
     262.0        -0.1332         0.0055         0.0373         0.0084      
     261.0        0.0139         -0.0132         -0.0631         -0.0044      
     260.0        -0.0464         0.0960         -0.1909         -0.0205      
     259.0        -0.2676         0.2025         -0.1899         -0.0220      
     258.0        -0.2642         0.2121         -0.1790         -0.0271      
     257.0        -0.3069         0.2236         -0.1185         -0.0434      
     256.0        -0.3149         0.0980         -0.0162         -0.0062      
     255.0        -0.1605         0.0614         -0.0237         -0.0229      
     254.0        -0.1994         0.1089         -0.1028         -0.0141      
     253.0        -0.3004         0.1505         -0.1155         -0.0027      
     252.0        -0.3021         0.1785         -0.1385         -0.0060      
     251.0        -0.4353         0.1361         -0.1839         0.0295      
     250.0        -0.4921         0.0822         -0.0818         0.0512      
     249.0        -0.5616         0.1640         -0.0396         0.0281      
     248.0        -0.7139         0.1775         0.0142         0.0652      
     247.0        -0.8298         0.2016         0.0970         0.0889      
     246.0        -0.7839         0.1861         0.1833         0.0854      
     245.0        -0.6003         0.1143         0.2789         0.0692      
     244.0        -0.6423         0.0856         0.4151         0.0905      
     243.0        -0.4787         0.0369         0.5149         0.0898      
     242.0        -0.2108         -0.0788         0.5025         0.1121      
     241.0        0.0004         -0.1839         0.4338         0.1510      
     240.0        0.3272         -0.1750         0.3589         0.0921      
     239.0        0.6872         -0.2646         0.3797         0.0629      
     238.0        0.9075         -0.2969         0.4178         0.0548      
     237.0        1.4984         -0.3963         0.5455         -0.0050      
     236.0        2.0875         -0.5250         0.5866         -0.0388      
     235.0        2.5442         -0.6554         0.6852         -0.0293      
     234.0        3.0102         -0.7213         0.7057         -0.0554      
     233.0        3.6373         -0.9150         0.8610         -0.0657      
     232.0        4.3663         -1.0921         0.9727         -0.0978      
     231.0        5.3732         -1.2632         1.1326         -0.1947      
     230.0        6.3450         -1.5412         1.3640         -0.2391      
     229.0        7.2675         -1.8246         1.6423         -0.2522      
     228.0        8.1614         -2.0309         1.9714         -0.2917      
     227.0        8.9474         -2.1727         2.3985         -0.3477      
     226.0        9.5185         -2.2719         2.7780         -0.3779      
     225.0        10.0834         -2.2530         3.2968         -0.4664      
     224.0        10.2915         -2.2511         3.8413         -0.4733      
     223.0        10.5410         -2.1610         4.3812         -0.5343      
     222.0        10.6907         -1.9030         4.9330         -0.6582      
     221.0        10.8154         -1.6267         5.5341         -0.8067      
     220.0        10.7130         -1.3811         6.1228         -0.9101      
     219.0        10.7543         -1.1943         6.7601         -1.0186      
     218.0        10.6399         -1.0158         7.3053         -1.0856      
     217.0        10.5963         -0.8351         7.7616         -1.1766      
     216.0        10.2855         -0.6303         8.1244         -1.2269      
     215.0        10.0340         -0.6174         8.5088         -1.2206      
     214.0        9.8956         -0.6657         8.7210         -1.2341      
     213.0        10.0299         -0.8134         8.9546         -1.2602      
     212.0        10.2646         -0.9334         9.1540         -1.3248      
     211.0        10.7621         -1.1567         9.3861         -1.4194      
     210.0        11.6160         -1.5266         9.6303         -1.5353      
     209.0        12.8822         -2.2285         9.9393         -1.6278      
     208.0        14.4313         -3.0112         10.2166         -1.7837      
     207.0        16.3690         -4.0107         10.5026         -1.9524      
     206.0        18.4009         -4.9280         10.8410         -2.2137      
     205.0        20.7412         -6.0066         10.9957         -2.4766      
     204.0        23.4735         -7.1203         10.8735         -2.7696      
     203.0        26.2511         -8.0198         10.4884         -3.1347      
     202.0        29.2580         -8.6827         9.9338         -3.6719      
     201.0        31.8626         -9.0787         9.1562         -4.2556      
     200.0        33.4683         -9.0710         8.4040         -4.8409      
     199.0        34.0657         -8.8373         7.8208         -5.3542      
     198.0        33.7144         -8.2147         7.4631         -5.8013      
     197.0        32.1173         -7.1418         7.4362         -6.1227      
     196.0        29.8256         -5.6070         7.5321         -6.4417      
     195.0        25.9716         -3.4691         7.6850         -6.6459      
     194.0        20.5507         -0.6633         7.5177         -6.7116      
     193.0        14.2847         2.0701         7.2349         -6.5032      
     192.0        7.3661         4.7911         6.6283         -6.0629      
     191.0        0.2411         7.2563         6.0014         -5.4168      
     190.0        -6.5357         9.3731         5.3702         -4.6358      
     189.0        -12.7942         10.9469         4.8527         -3.7378      
     188.0        -18.4085         12.2374         4.4060         -2.7996      
     187.0        -22.3565         12.6762         4.1216         -1.8066      
     186.0        -25.0697         12.5713         3.8377         -0.8155      
     185.0        -26.2318         12.2655         3.9228         -0.1147      
     184.0        -26.2478         11.7179         4.3937         0.4182      
     183.0        -24.8635         10.5576         5.0551         0.8832      
     182.0        -22.7265         9.3502         5.4452         1.2400      
     181.0        -19.8993         7.8525         5.7887         1.5567      
     180.0        -16.8361         6.1985         6.0497         1.8640      
     179.0        -13.8085         4.8720         6.4298         1.9666      
     178.0        -11.1530         3.7022         7.0953         2.0365      
