#Derived Basis Spectrum set for calculating CD spectra
#spectrum_list: /home/gnagy/Documents/Gottingen/IDPs/experiments/CD_test/arom/PCA_2/Baselines/SC_H1869/MP79/spectra_side.inp
#SS_list: /home/gnagy/Documents/Gottingen/IDPs/experiments/CD_test/sets/DS_det_MP79.inp
#Number of decomposed  spectra: 79

#Combination matrix for Structural Properties:
#Basis/  3H        ALH       PIH       EBS       NBS       PP        TI        TII       TVIII     GXT       SCH       HP        TC        HC        BC        BU        LTII      LHH       UC        
# GRP1 :    0.0000    1.0000    0.0000    0.0000    0.0000    0.0000    0.0000    0.0000    1.0000    0.0000    0.0000    0.0000    0.0000    0.0000    0.0000    1.0000    0.0000    0.0000    0.0000  
# GRP2 :    1.0000    0.0000    0.0000    0.0000    1.0000    0.0000    0.0000    0.0000    0.0000    0.0000    0.0000    0.0000    0.0000    0.0000    0.0000    0.0000    1.0000    0.0000    0.0000  
# GRP3 :    0.0000    0.0000    1.0000    0.0000    0.0000    0.0000    0.0000    1.0000    0.0000    1.0000    0.0000    0.0000    1.0000    0.0000    0.0000    0.0000    0.0000    0.0000    0.0000  
# GRP4 :    0.0000    0.0000    0.0000    1.0000    0.0000    0.0000    0.0000    0.0000    0.0000    0.0000    0.0000    1.0000    0.0000    0.0000    0.0000    0.0000    0.0000    0.0000    0.0000  
# GRP5 :    0.0000    0.0000    0.0000    0.0000    0.0000    1.0000    1.0000    0.0000    0.0000    0.0000    1.0000    0.0000    0.0000    0.0000    1.0000    0.0000    0.0000    1.0000    0.0000  
# GRP6 :    0.0000    0.0000    0.0000    0.0000    0.0000    0.0000    0.0000    0.0000    0.0000    0.0000    0.0000    0.0000    0.0000    1.0000    0.0000    0.0000    0.0000    0.0000    1.0000  


#|  Wavelength      GRP1           GRP2           GRP3           GRP4           GRP5           GRP6           
#      nm        T (10^3)       T (10^3)       T (10^3)       T (10^3)       T (10^3)       T (10^3)      
     269.0        0.1650         -0.1570         -0.4423         0.1456         0.4328         -0.1933      
     268.0        0.4091         -0.5967         -3.0625         0.3842         0.8876         0.0001      
     267.0        0.0767         -0.0299         -1.5232         0.0126         0.1655         0.1177      
     266.0        -0.0982         0.2261         0.0246         0.0594         -0.2936         0.0814      
     265.0        -0.1257         0.1821         0.6779         -0.0724         -0.1793         -0.0396      
     264.0        -0.0272         -0.0360         -0.3196         -0.0772         0.2186         -0.0674      
     263.0        0.0357         -0.1311         -1.5444         -0.1385         0.4926         -0.0158      
     262.0        -0.1447         0.2950         -0.2771         -0.7015         0.1470         -0.0591      
     261.0        -0.3098         0.7295         1.4163         -0.9864         -0.3880         -0.0943      
     260.0        -0.2314         0.5435         1.6680         -0.7671         -0.2107         -0.1783      
     259.0        0.0291         -0.1758         -0.1767         -0.1205         0.5746         -0.2320      
     258.0        0.1656         -0.5437         -1.7511         0.2526         0.9601         -0.1666      
     257.0        0.1354         -0.6545         -1.9564         0.4069         0.9833         -0.1593      
     256.0        0.0079         -0.4731         -1.3527         -0.1399         1.0477         -0.2849      
     255.0        -0.2140         0.1485         1.7498         -0.8054         0.2412         -0.3975      
     254.0        -0.2134         0.1388         2.6848         -0.4578         0.1206         -0.4714      
     253.0        -0.1865         0.0815         2.1666         -0.1084         0.1408         -0.4262      
     252.0        -0.2991         0.2277         1.9602         0.0140         -0.0661         -0.3350      
     251.0        -0.3747         0.1210         1.6003         0.0677         0.0762         -0.3349      
     250.0        -0.3573         -0.1213         0.2954         -0.2674         0.6733         -0.3994      
     249.0        -0.3972         -0.1058         -0.3194         -0.5147         0.7850         -0.3867      
     248.0        -0.3885         -0.4402         -1.1516         -0.0729         1.0726         -0.4030      
     247.0        -0.5174         -0.3212         -1.1224         -0.1984         0.9596         -0.3813      
     246.0        -0.8596         0.1775         0.2368         -0.5270         0.4657         -0.4206      
     245.0        -1.2473         0.3753         1.2274         -0.5105         0.1758         -0.4736      
     244.0        -1.5766         0.2746         0.7844         -0.8485         0.6134         -0.5889      
     243.0        -2.0112         0.2372         0.4319         -0.5917         0.7089         -0.6001      
     242.0        -2.6504         0.2222         -0.2153         -0.5319         0.7749         -0.5277      
     241.0        -3.3796         0.3280         -1.6144         -1.1113         1.1371         -0.4799      
     240.0        -4.4318         0.9282         -1.9055         -1.8891         0.9242         -0.3526      
     239.0        -5.8855         1.7226         -1.3256         -2.8925         0.5347         -0.2646      
     238.0        -7.4421         2.3664         -2.0758         -4.5135         0.7289         -0.1473      
     237.0        -9.2958         3.4027         -1.1960         -6.0322         0.0600         0.0988      
     236.0        -11.3090         4.5350         -1.2268         -8.5168         -0.4426         0.4225      
     235.0        -13.4079         5.4346         -2.1979         -10.6505         -0.7558         0.7810      
     234.0        -15.8131         6.5448         -2.9632         -12.8651         -1.4291         1.2685      
     233.0        -18.4732         7.4982         -4.3184         -15.3659         -1.9275         1.7922      
     232.0        -21.3335         8.1131         -5.8350         -17.5300         -2.3081         2.3226      
     231.0        -24.3032         8.4816         -7.8496         -19.6464         -2.3659         2.8218      
     230.0        -27.3380         8.7228         -7.7481         -21.9028         -2.4279         3.0277      
     229.0        -30.1504         8.3880         -7.8258         -22.9392         -2.2033         3.1208      
     228.0        -32.7415         7.8265         -8.2453         -23.7368         -1.8728         3.2103      
     227.0        -34.8705         6.4222         -10.9340         -23.6411         -0.9853         3.3983      
     226.0        -36.6747         4.6579         -13.5247         -22.7945         -0.2164         3.5844      
     225.0        -37.9863         2.2650         -16.4422         -21.1161         1.0978         3.5351      
     224.0        -38.7821         -0.5586         -18.3993         -18.9645         2.6720         3.1738      
     223.0        -39.1785         -3.5422         -19.9628         -16.1633         4.1052         2.7618      
     222.0        -39.2612         -6.2649         -20.5361         -13.2225         5.1488         2.3218      
     221.0        -38.9593         -9.1707         -21.8405         -9.6322         6.2412         1.9226      
     220.0        -38.4381         -11.7925         -22.6420         -6.1273         7.0328         1.5315      
     219.0        -37.7539         -14.0768         -21.7896         -2.8592         7.3579         1.0781      
     218.0        -36.7559         -16.6681         -22.8677         0.9103         8.1995         0.7030      
     217.0        -35.9687         -18.3528         -22.2027         4.8051         8.1222         0.3585      
     216.0        -35.3771         -19.1909         -19.3518         8.5328         7.5098         -0.1180      
     215.0        -34.9238         -19.4991         -15.4677         12.7540         6.3790         -0.6140      
     214.0        -34.7346         -19.2550         -10.5578         17.6205         4.6347         -1.0682      
     213.0        -34.8364         -18.2976         -4.4190         22.3217         2.0526         -1.4376      
     212.0        -34.9371         -17.6830         -2.9244         28.8453         -0.1525         -1.3963      
     211.0        -35.4833         -16.1268         -0.3401         35.3594         -3.2678         -1.3014      
     210.0        -36.0067         -14.2531         2.3140         42.0967         -6.9035         -1.0968      
     209.0        -36.0257         -12.2341         3.0201         49.5103         -10.8906         -0.7008      
     208.0        -35.0521         -9.6360         2.9464         57.2058         -15.6563         -0.1280      
     207.0        -32.6442         -6.1507         4.2362         63.9129         -21.7976         0.6069      
     206.0        -28.3942         -2.4171         3.2217         70.5293         -28.2465         1.5268      
     205.0        -22.6898         2.0399         5.1351         76.2825         -35.6100         2.2224      
     204.0        -15.4382         5.9108         8.1323         81.7458         -42.4892         2.5935      
     203.0        -6.8898         8.7825         9.4901         88.0165         -47.7114         2.5367      
     202.0        2.5931         10.8063         14.1344         94.6590         -51.6107         1.6119      
     201.0        13.1788         11.4262         19.4177         101.9001         -53.5562         0.0507      
     200.0        24.8968         10.4826         22.6225         109.9882         -53.3419         -1.9224      
     199.0        37.2323         8.7236         25.5868         118.5049         -51.8462         -4.1340      
     198.0        49.7057         5.7190         23.4584         126.3734         -48.3467         -5.9445      
     197.0        61.0132         2.6680         17.4722         131.7025         -43.7969         -7.1376      
     196.0        70.0868         0.5180         9.9102         131.4772         -38.8451         -7.5838      
     195.0        76.5989         -1.7161         -1.5600         126.0996         -32.4956         -7.1879      
     194.0        80.6086         -3.9252         -12.7122         117.3972         -25.9232         -6.2793      
     193.0        82.1310         -6.0775         -20.3620         105.8880         -19.5789         -5.1063      
     192.0        81.5244         -7.8942         -25.1152         93.4172         -14.7193         -3.3212      
     191.0        79.0044         -9.3030         -25.7127         79.7345         -11.0786         -1.5606      
     190.0        74.6397         -9.5996         -22.9692         62.9481         -8.9560         0.4649      
     189.0        68.7780         -10.1199         -19.2180         46.9247         -7.4763         2.3897      
     188.0        62.3376         -11.1349         -12.9627         32.7510         -6.1961         3.5323      
     187.0        55.8951         -13.2285         -8.3277         20.1780         -4.5515         4.3697      
     186.0        49.6435         -15.5034         -2.7192         9.7925         -3.8253         4.9245      
     185.0        44.2062         -18.7266         -0.0581         1.8121         -2.2657         5.0288      
     184.0        39.3595         -22.1753         0.3866         -4.2026         -1.1342         5.1516      
     183.0        34.9933         -25.8149         -1.7540         -7.0731         -0.4222         5.2499      
     182.0        31.5154         -29.4312         -3.5362         -9.6123         0.4244         4.8090      
     181.0        28.7784         -32.7035         -8.0916         -12.3451         1.3710         4.3997      
     180.0        26.3827         -35.1958         -9.0258         -15.5339         1.8802         3.5241      
     179.0        24.4999         -37.5978         -12.2024         -17.2775         2.7821         2.5452      
     178.0        22.7645         -39.3970         -17.7537         -18.7365         3.6813         1.8525      
