#Derived Basis Spectrum set for calculating CD spectra
#spectrum_list: /home/gnagy/Documents/Gottingen/IDPs/experiments/CD_test/sets/spectrum_SP175.inp
#SS_list: /home/gnagy/Documents/Gottingen/IDPs/experiments/CD_test/sets/DISICL_det_SP175.inp
#Number of decomposed  spectra: 71

#Combination matrix for Structural Properties:
#Basis/      3H      ALH      PIH      EBS      NBS      PP       TI       TII      TVIII    GXT      SCH      HP       TC       HC       BC       BU       LTII     LHH      UC        
# HEL1 :    0.000    1.000    0.000    0.000    0.000    0.000    0.000    0.000    0.000    0.000    0.000    0.000    1.000    1.000    0.000    0.000    0.000    1.000    0.000  
# HEL2 :    0.000    0.000    1.000    0.000    0.000    1.000    0.000    0.000    0.000    0.000    1.000    0.000    0.000    0.000    0.000    0.000    0.000    0.000    0.000  
# BST1 :    1.000    0.000    0.000    0.000    1.000    0.000    0.000    0.000    0.000    1.000    0.000    0.000    0.000    0.000    0.000    0.000    0.000    0.000    0.000  
# BST2 :    0.000    0.000    0.000    1.000    0.000    0.000    0.000    0.000    0.000    0.000    0.000    1.000    0.000    0.000    0.000    0.000    0.000    0.000    0.000  
# TRN1 :    0.000    0.000    0.000    0.000    0.000    0.000    1.000    0.000    0.000    0.000    0.000    0.000    0.000    0.000    1.000    1.000    1.000    0.000    0.000  
# COIL :    0.000    0.000    0.000    0.000    0.000    0.000    0.000    1.000    1.000    0.000    0.000    0.000    0.000    0.000    0.000    0.000    0.000    0.000    1.000  


#|  Wavelength      HEL1           HEL2           BST1           BST2           TRN1           COIL           
#      nm        T (10^3)       T (10^3)       T (10^3)       T (10^3)       T (10^3)       T (10^3)      
     269.0         0.145          0.496          0.168          0.940         -0.132         -0.423      
     268.0         0.279          0.698         -0.198          0.993          0.002         -0.416      
     267.0         0.074         -0.778          0.133          0.056          0.322         -0.122      
     266.0        -0.106         -0.293          0.164          0.167         -0.467          0.376      
     265.0        -0.139          0.151          0.107          0.239         -0.528          0.339      
     264.0        -0.114          1.329          0.012          0.480         -0.782          0.188      
     263.0        -0.071          1.341          0.150          0.427         -0.513         -0.149      
     262.0        -0.158          0.520          0.399         -0.281         -0.143         -0.139      
     261.0        -0.225         -0.618          0.574         -0.759          0.269         -0.067      
     260.0        -0.202          0.026          0.271         -0.524          0.141          0.075      
     259.0        -0.054          1.128         -0.222          0.145          0.179         -0.125      
     258.0        -0.014          2.111         -0.509          0.599         -0.194         -0.064      
     257.0        -0.023          1.714         -0.516          0.753         -0.092         -0.109      
     256.0        -0.051          1.187         -0.339          0.480          0.355         -0.368      
     255.0        -0.116         -0.393          0.049         -0.142          0.644         -0.265      
     254.0        -0.103         -0.422          0.006         -0.036          0.691         -0.248      
     253.0        -0.077         -0.472          0.069          0.023          0.663         -0.291      
     252.0        -0.194         -0.396          0.187         -0.050          0.408         -0.159      
     251.0        -0.288         -0.049          0.183         -0.247          0.366         -0.133      
     250.0        -0.311          0.484          0.174         -0.404          0.633         -0.481      
     249.0        -0.384          0.620          0.328         -0.618          0.557         -0.566      
     248.0        -0.357         -0.240          0.053         -0.004          1.192         -0.822      
     247.0        -0.456         -0.764          0.271         -0.059          1.259         -0.933      
     246.0        -0.696         -1.620          0.833         -0.512          1.298         -1.015      
     245.0        -1.006         -2.130          1.139         -0.574          1.477         -1.200      
     244.0        -1.338         -1.750          1.384         -0.951          1.898         -1.680      
     243.0        -1.771         -1.798          1.631         -0.994          2.038         -1.875      
     242.0        -2.360         -2.695          1.697         -1.113          2.763         -2.062      
     241.0        -3.115         -2.490          1.994         -1.806          3.115         -2.247      
     240.0        -4.107         -3.100          2.726         -3.009          3.369         -2.212      
     239.0        -5.413         -3.945          3.801         -4.650          3.871         -2.397      
     238.0        -6.900         -3.731          4.998         -6.826          4.252         -2.689      
     237.0        -8.607         -4.707          6.605         -9.226          4.279         -2.651      
     236.0        -10.504         -5.940          8.342         -12.367          4.613         -2.681      
     235.0        -12.538         -6.933         10.166         -15.320          4.762         -2.823      
     234.0        -14.848         -8.120         12.268         -18.833          4.660         -2.738      
     233.0        -17.383         -9.125         14.568         -22.826          4.597         -2.877      
     232.0        -20.129         -9.402         16.736         -26.988          4.324         -2.973      
     231.0        -23.029         -8.146         18.956         -31.609          3.639         -3.146      
     230.0        -25.822         -8.133         20.881         -36.098          4.200         -3.822      
     229.0        -28.427         -7.582         22.291         -39.698          4.823         -4.644      
     228.0        -30.846         -6.209         23.473         -43.069          5.093         -5.453      
     227.0        -32.893         -4.284         23.875         -45.378          5.369         -6.357      
     226.0        -34.603         -2.834         23.647         -46.762          5.610         -7.050      
     225.0        -35.877         -0.040         22.816         -46.963          5.686         -8.037      
     224.0        -36.562          1.721         21.228         -45.983          6.742         -9.414      
     223.0        -36.893          4.353         19.336         -44.430          7.098         -10.559      
     222.0        -36.960          7.827         17.505         -42.665          6.579         -11.414      
     221.0        -36.642         10.973         15.355         -39.890          6.167         -12.349      
     220.0        -36.081         12.765         13.299         -36.815          5.959         -13.175      
     219.0        -35.315         13.474         11.270         -33.565          5.923         -13.888      
     218.0        -34.328         14.129          8.724         -29.112          6.277         -14.647      
     217.0        -33.518         14.128          6.751         -24.495          6.025         -14.932      
     216.0        -32.882         14.263          5.266         -19.928          5.528         -15.000      
     215.0        -32.277         12.422          3.914         -14.281          5.536         -15.019      
     214.0        -31.913          9.578          2.815         -7.876          5.445         -14.645      
     213.0        -31.784          5.935          2.364         -1.610          4.833         -14.046      
     212.0        -31.822          2.796          1.671          6.672          3.680         -13.298      
     211.0        -32.225         -1.485          1.955         15.009          2.035         -12.435      
     210.0        -32.536         -7.615          2.474         23.752          0.719         -11.609      
     209.0        -32.419         -14.999          3.103         33.863         -1.154         -10.606      
     208.0        -31.390         -23.981          4.179         44.900         -4.006         -9.188      
     207.0        -28.938         -35.224          5.847         55.983         -8.214         -7.178      
     206.0        -24.859         -46.865          7.987         67.501         -14.133         -4.845      
     205.0        -19.358         -59.901         10.579         78.454         -20.660         -2.262      
     204.0        -12.387         -72.969         12.245         89.305         -26.701          0.234      
     203.0        -4.370         -82.682         12.780         101.128         -32.665          2.341      
     202.0         4.665         -90.075         11.976         113.770         -37.333          3.693      
     201.0        14.749         -93.901          9.584         127.038         -41.298          4.617      
     200.0        25.816         -93.678          5.736         140.997         -44.980          5.000      
     199.0        37.439         -89.297          1.315         154.882         -49.009          4.998      
     198.0        48.833         -78.777         -3.638         166.846         -53.722          4.737      
     197.0        58.900         -63.588         -8.058         175.023         -58.380          3.898      
     196.0        66.780         -45.996         -11.444         176.836         -61.782          2.744      
     195.0        72.038         -25.827         -14.253         171.708         -63.562          1.592      
     194.0        74.974         -7.384         -17.719         163.191         -62.878          1.059      
     193.0        75.841          7.250         -21.075         150.718         -59.533          0.971      
     192.0        74.788         16.714         -24.582         136.051         -55.018          2.565      
     191.0        72.258         20.813         -27.437         119.012         -48.447          4.095      
     190.0        68.296         19.457         -29.060         98.309         -40.725          6.119      
     189.0        63.121         15.396         -30.314         77.364         -32.378          7.979      
     188.0        57.621          9.575         -31.374         58.269         -23.161          8.538      
     187.0        52.162          2.652         -32.826         40.808         -13.655          8.313      
     186.0        46.909         -6.125         -34.521         26.386         -4.752          7.992      
     185.0        42.330         -13.079         -36.099         14.908          3.164          6.415      
     184.0        38.165         -18.712         -37.297          5.800          8.833          4.656      
     183.0        34.342         -22.390         -38.371          0.437         12.172          2.700      
     182.0        31.165         -22.920         -38.973         -4.650         13.932          0.209      
     181.0        28.521         -22.682         -39.730         -8.713         14.376         -1.788      
     180.0        26.203         -21.297         -40.015         -12.572         14.114         -3.773      
     179.0        24.347         -19.173         -39.892         -15.529         13.695         -6.293      
     178.0        22.528         -16.045         -38.992         -17.778         12.270         -8.816      
     177.0        20.615         -11.873         -38.041         -19.015          9.964         -10.686      
     176.0        18.717         -8.377         -36.604         -20.412          8.794         -12.984      
     175.0        16.369         -3.171         -34.736         -22.175          6.265         -14.094      

#Calibration curves for SS error estimation:
# curve     1-globular,unscaled  2-globular,rescaled  3-general,unscaled   4-general,rescaled
#RMSDj/     dSSj_mean  dSSj_SD   dSSj_mean  dSSj_SD   dSSj_mean  dSSj_SD   dSSj_mean  dSSj_SD
#   0.000     0.000     0.044      0.000     0.046      0.000     0.056      0.000     0.017 
#   0.150     0.025     0.044      0.021     0.046      0.020     0.056      0.005     0.017 
#   0.450     0.076     0.044      0.072     0.057      0.060     0.056      0.056     0.074 
#   0.750     0.074     0.053      0.103     0.059      0.064     0.078      0.112     0.086 
#   1.050     0.100     0.054      0.122     0.061      0.096     0.085      0.157     0.087 
#   1.350     0.111     0.055      0.138     0.064      0.130     0.080      0.180     0.087 
#   1.650     0.126     0.058      0.148     0.065      0.147     0.079      0.195     0.088 
#   1.950     0.132     0.058      0.160     0.065      0.166     0.077      0.213     0.087 
#   2.250     0.143     0.058      0.174     0.067      0.184     0.077      0.227     0.088 
#   2.550     0.153     0.060      0.186     0.070      0.190     0.078      0.237     0.088 
#   2.850     0.158     0.060      0.199     0.074      0.200     0.079      0.247     0.089 
#   3.150     0.167     0.062      0.209     0.076      0.213     0.082      0.256     0.088 
#   3.450     0.172     0.063      0.220     0.079      0.222     0.082      0.265     0.091 
#   3.750     0.177     0.064      0.230     0.081      0.231     0.084      0.274     0.090 
#   4.050     0.184     0.066      0.240     0.085      0.238     0.083      0.283     0.091 
#   4.350     0.189     0.067      0.249     0.088      0.244     0.084      0.291     0.092 
#   4.650     0.196     0.068      0.258     0.090      0.252     0.086      0.296     0.092 
#   4.950     0.201     0.068      0.266     0.093      0.258     0.087      0.304     0.094 
#   5.250     0.206     0.070      0.273     0.092      0.264     0.089      0.308     0.093 
#   5.550     0.213     0.072      0.281     0.093      0.269     0.090      0.313     0.094 
#   5.850     0.217     0.073      0.290     0.096      0.273     0.091      0.320     0.095 
#   6.150     0.223     0.075      0.298     0.097      0.278     0.091      0.324     0.095 
#   6.450     0.228     0.076      0.304     0.097      0.281     0.092      0.329     0.096 
#   6.750     0.235     0.078      0.310     0.097      0.286     0.092      0.334     0.096 
#   7.050     0.240     0.081      0.321     0.100      0.292     0.093      0.340     0.098 
#   7.350     0.246     0.082      0.329     0.103      0.295     0.094      0.343     0.098 
#   7.650     0.251     0.085      0.337     0.104      0.298     0.094      0.347     0.098 
#   7.950     0.257     0.085      0.344     0.104      0.302     0.094      0.352     0.101 
#   8.250     0.262     0.085      0.352     0.107      0.304     0.096      0.358     0.101 
#   8.550     0.265     0.089      0.356     0.108      0.309     0.096      0.361     0.102 
#   8.850     0.272     0.090      0.360     0.107      0.312     0.096      0.363     0.103 
#   9.150     0.275     0.090      0.366     0.108      0.314     0.098      0.365     0.104 
#   9.450     0.281     0.092      0.371     0.108      0.316     0.098      0.370     0.106 
#   9.750     0.285     0.092      0.372     0.109      0.321     0.097      0.368     0.106 
#  10.050     0.289     0.092      0.373     0.109      0.321     0.099      0.370     0.104 
#  10.350     0.292     0.094      0.379     0.109      0.323     0.099      0.373     0.103 
#  10.650     0.297     0.095      0.382     0.108      0.327     0.099      0.375     0.102 
#  10.950     0.302     0.095      0.389     0.109      0.328     0.099      0.377     0.102 
#  11.250     0.303     0.093      0.395     0.108      0.330     0.099      0.380     0.105 
#  11.550     0.309     0.097      0.398     0.105      0.333     0.101      0.380     0.104 
#  11.850     0.311     0.097      0.406     0.109      0.336     0.101      0.384     0.103 
#  12.150     0.316     0.098      0.407     0.107      0.338     0.100      0.388     0.102 
#  12.450     0.320     0.099      0.412     0.111      0.338     0.101      0.389     0.101 
#  12.750     0.323     0.101      0.415     0.108      0.338     0.099      0.392     0.102 
#  13.050     0.327     0.100      0.420     0.104      0.345     0.102      0.395     0.104 
#  13.350     0.332     0.101      0.423     0.104      0.345     0.101      0.393     0.104 
#  13.650     0.337     0.103      0.422     0.101      0.347     0.100      0.395     0.104 
#  13.950     0.338     0.104      0.430     0.104      0.349     0.100      0.395     0.102 
#  14.250     0.342     0.107      0.435     0.100      0.351     0.100      0.402     0.104 
#  14.550     0.347     0.105      0.436     0.100      0.355     0.102      0.400     0.099 
#  14.850     0.351     0.107      0.438     0.100      0.354     0.100      0.401     0.102 
#  15.150     0.351     0.109      0.446     0.100      0.355     0.101      0.408     0.099 
#  15.450     0.353     0.110      0.443     0.095      0.359     0.100      0.413     0.101 
#  15.750     0.361     0.113      0.454     0.095      0.362     0.100      0.414     0.099 
#  16.050     0.366     0.112      0.459     0.094      0.361     0.102      0.425     0.102 
#  16.350     0.365     0.117      0.467     0.093      0.368     0.101      0.430     0.099 
#  16.650     0.367     0.116      0.476     0.093      0.366     0.102      0.426     0.101 
#  16.950     0.369     0.118      0.478     0.087      0.366     0.100      0.432     0.105 
#  17.250     0.372     0.121      0.478     0.092      0.371     0.103      0.435     0.101 
#  17.550     0.374     0.121      0.485     0.088      0.372     0.101      0.436     0.098 
#  17.850     0.376     0.124      0.498     0.093      0.372     0.101      0.437     0.100 
#  18.150     0.377     0.127      0.498     0.089      0.373     0.103      0.438     0.094 
#  18.450     0.383     0.127      0.510     0.089      0.379     0.102      0.439     0.100 
#  18.750     0.383     0.129      0.513     0.090      0.376     0.104      0.444     0.097 
#  19.050     0.389     0.131      0.531     0.086      0.379     0.103      0.444     0.096 
#  19.350     0.387     0.132      0.531     0.082      0.384     0.105      0.449     0.096 
#  19.650     0.385     0.133      0.542     0.082      0.386     0.105      0.451     0.096 
#  19.950     0.395     0.136      0.538     0.091      0.385     0.102      0.461     0.094 
#  20.250     0.400     0.140      0.544     0.086      0.389     0.106      0.460     0.093 
#  20.550     0.394     0.140      0.555     0.083      0.390     0.104      0.458     0.096 
#  20.850     0.400     0.144      0.551     0.090      0.391     0.107      0.454     0.094 
#  21.150     0.412     0.161      0.613     0.095      0.406     0.120      0.501     0.098 
