#Derived Basis Spectrum set for calculating CD spectra
#spectrum_list: /home/gnagy/Documents/Gottingen/IDPs/experiments/CD_test/arom/side_Avg6/Baselines/DS6-1/MP79/CD_corr.inp
#SS_list: /home/gnagy/Documents/Gottingen/IDPs/experiments/CD_test/sets/DS_det_MP79.inp
#Number of decomposed  spectra: 79

#Combination matrix for Structural Properties:
#Basis/     3H        ALH       PIH       EBS       NBS       PP        TI        TII       TVIII     GXT       SCH       HP        TC        HC        BC        BU        LTII      LHH       UC        
# HEL1 :    0.0000    1.0000    0.0000    0.0000    0.0000    0.0000    0.0000    0.0000    0.0000    0.0000    0.0000    0.0000    1.0000    1.0000    0.0000    0.0000    0.0000    1.0000    0.0000  
# HEL2 :    0.0000    0.0000    1.0000    0.0000    0.0000    1.0000    0.0000    0.0000    0.0000    0.0000    1.0000    0.0000    0.0000    0.0000    0.0000    0.0000    0.0000    0.0000    0.0000  
# BST1 :    1.0000    0.0000    0.0000    0.0000    1.0000    0.0000    0.0000    0.0000    0.0000    1.0000    0.0000    0.0000    0.0000    0.0000    0.0000    0.0000    0.0000    0.0000    0.0000  
# BST2 :    0.0000    0.0000    0.0000    1.0000    0.0000    0.0000    0.0000    0.0000    0.0000    0.0000    0.0000    1.0000    0.0000    0.0000    0.0000    0.0000    0.0000    0.0000    0.0000  
# TRN1 :    0.0000    0.0000    0.0000    0.0000    0.0000    0.0000    1.0000    0.0000    0.0000    0.0000    0.0000    0.0000    0.0000    0.0000    1.0000    1.0000    1.0000    0.0000    0.0000  
# COIL :    0.0000    0.0000    0.0000    0.0000    0.0000    0.0000    0.0000    1.0000    1.0000    0.0000    0.0000    0.0000    0.0000    0.0000    0.0000    0.0000    0.0000    0.0000    1.0000  


#|  Wavelength      HEL1           HEL2           BST1           BST2           TRN1           COIL           
#      nm        T (10^3)       T (10^3)       T (10^3)       T (10^3)       T (10^3)       T (10^3)      
     269.0        0.1892         0.4103         0.1389         -0.0809         0.1890         -0.4689      
     268.0        0.3394         0.6759         -0.2588         0.1373         0.2825         -0.4745      
     267.0        0.0839         -0.4549         -0.1094         0.0788         0.2589         -0.0037      
     266.0        -0.0531         -0.5803         0.1033         0.1518         -0.1254         0.2084      
     265.0        -0.0823         -0.3706         0.0839         0.0426         0.0040         0.1150      
     264.0        -0.0227         0.4038         0.0976         -0.0329         -0.0680         -0.1147      
     263.0        0.0088         0.7127         0.1835         -0.2413         -0.0404         -0.2912      
     262.0        -0.1238         0.2540         0.3251         -0.5382         0.0489         -0.1291      
     261.0        -0.2408         -0.4035         0.3809         -0.5330         0.1006         0.1155      
     260.0        -0.1835         -0.0150         0.1364         -0.3343         0.0910         0.1691      
     259.0        -0.0101         0.9384         -0.2812         0.0008         0.2659         -0.1098      
     258.0        0.0809         1.4368         -0.4288         0.2388         0.1632         -0.2329      
     257.0        0.0593         1.3030         -0.4803         0.4079         0.2358         -0.2857      
     256.0        -0.0293         1.1985         -0.3527         0.1578         0.5063         -0.4383      
     255.0        -0.1501         0.3392         -0.0883         -0.1789         0.4820         -0.2091      
     254.0        -0.1436         0.5151         -0.2255         0.1786         0.3911         -0.1317      
     253.0        -0.1252         0.4550         -0.2088         0.2617         0.3229         -0.1001      
     252.0        -0.2384         0.3254         0.0016         0.1971         0.0823         0.0014      
     251.0        -0.3340         0.5951         -0.0375         0.1826         0.0763         0.0196      
     250.0        -0.3509         1.3366         -0.0378         -0.1283         0.2174         -0.2988      
     249.0        -0.4108         1.7423         0.1681         -0.5065         0.0185         -0.4068      
     248.0        -0.4107         1.5185         -0.2527         0.0488         0.3919         -0.5162      
     247.0        -0.5234         1.1100         -0.2247         0.0599         0.4961         -0.5287      
     246.0        -0.8007         0.5424         0.1510         -0.1310         0.4267         -0.4765      
     245.0        -1.1353         0.3125         0.3275         -0.0539         0.3867         -0.4940      
     244.0        -1.4566         1.0202         0.4144         -0.4573         0.5594         -0.8013      
     243.0        -1.8660         1.1724         0.5126         -0.2877         0.5425         -0.9205      
     242.0        -2.4737         0.8847         0.3771         -0.0656         0.7612         -0.8348      
     241.0        -3.2076         1.2271         0.3844         -0.3674         0.9353         -0.8192      
     240.0        -4.1991         1.0050         0.7574         -0.8365         0.9354         -0.5795      
     239.0        -5.5314         0.7068         1.3381         -1.5735         0.9808         -0.3721      
     238.0        -6.9958         1.1812         1.9216         -2.8912         1.1646         -0.3234      
     237.0        -8.6770         0.4640         2.7539         -3.8478         1.1368         -0.0253      
     236.0        -10.5686         -0.2723         3.5516         -5.4302         1.3207         0.3488      
     235.0        -12.5693         -0.8789         4.1581         -6.5673         1.5498         0.6167      
     234.0        -14.8652         -1.6738         4.9230         -7.7490         1.6070         1.0968      
     233.0        -17.3865         -2.4421         5.7135         -9.1104         1.7476         1.4373      
     232.0        -20.0891         -2.9423         6.2999         -10.1300         1.7578         1.8227      
     231.0        -22.9141         -2.5850         7.0209         -11.2656         1.5178         2.0336      
     230.0        -25.7503         -2.7593         7.3852         -12.3826         1.9106         2.1627      
     229.0        -28.3797         -2.8207         7.2664         -12.5055         2.4223         2.1404      
     228.0        -30.8096         -2.4583         7.2222         -12.7097         2.6465         1.9942      
     227.0        -32.8717         -1.5860         6.7122         -12.3705         2.9132         1.5829      
     226.0        -34.6420         -1.0746         5.8066         -11.3825         3.1863         1.2548      
     225.0        -35.9692         0.4090         4.6587         -9.8827         3.4514         0.4463      
     224.0        -36.8180         1.4495         2.8842         -7.7952         4.4114         -0.5656      
     223.0        -37.2804         2.6423         1.1073         -5.4544         5.0189         -1.6051      
     222.0        -37.4223         4.0857         -0.2969         -3.3435         5.0799         -2.6450      
     221.0        -37.2117         5.5950         -1.7773         -0.8692         5.0957         -3.8069      
     220.0        -36.7782         6.6063         -3.1387         1.4462         5.1372         -4.8857      
     219.0        -36.1214         6.8466         -4.3682         3.6682         5.2284         -5.9056      
     218.0        -35.2470         7.5338         -6.0101         6.4899         5.6178         -7.0109      
     217.0        -34.5089         7.3914         -7.0147         9.3718         5.5520         -7.7727      
     216.0        -33.9035         7.3766         -7.4483         11.8965         5.2496         -8.3765      
     215.0        -33.3603         5.9083         -7.7816         14.9459         5.2943         -8.7960      
     214.0        -33.0477         3.9015         -7.8575         18.3977         5.2427         -8.8877      
     213.0        -32.9500         1.1824         -7.3144         21.6635         4.6603         -8.7608      
     212.0        -32.9573         -1.2824         -6.9090         26.3369         3.8297         -8.6621      
     211.0        -33.3484         -4.3458         -5.7327         31.0937         2.5379         -8.4302      
     210.0        -33.6952         -8.4327         -4.3594         36.0100         1.1232         -8.0275      
     209.0        -33.6013         -13.4193         -2.6221         41.3502         -0.7184         -7.6673      
     208.0        -32.6152         -19.2192         -0.0817         46.7033         -3.4270         -7.2391      
     207.0        -30.2618         -26.5145         3.3695         51.1451         -7.2352         -6.5807      
     206.0        -26.2468         -34.2371         7.5008         55.1607         -11.9784         -6.1328      
     205.0        -20.8622         -42.5614         12.1193         58.4975         -17.2701         -5.5930      
     204.0        -14.0174         -51.0655         15.9018         61.7178         -22.1445         -5.0778      
     203.0        -6.0227         -57.6123         18.8875         65.4632         -26.6506         -5.0506      
     202.0        2.9489         -62.4190         21.0225         69.6526         -30.3699         -5.5127      
     201.0        12.9962         -65.1593         21.8752         74.2022         -33.0863         -6.4023      
     200.0        24.1200         -66.0112         21.4887         79.3773         -34.9893         -7.8861      
     199.0        35.9018         -64.8516         20.7448         84.2553         -36.7765         -9.7742      
     198.0        47.7150         -61.4336         19.3668         88.1323         -38.1883         -11.9913      
     197.0        58.3630         -56.7329         18.0149         89.9983         -39.3182         -14.1639      
     196.0        66.8818         -51.1674         17.1468         87.8459         -39.7802         -15.8678      
     195.0        72.8467         -43.2781         16.0996         81.7988         -39.0413         -17.2661      
     194.0        76.3804         -35.2409         14.1178         73.9124         -36.9919         -17.7077      
     193.0        77.6936         -27.8798         11.2698         64.5103         -33.5682         -17.2501      
     192.0        77.0033         -22.4224         7.7598         54.7996         -29.6750         -15.4260      
     191.0        74.6179         -19.2702         3.7214         44.8038         -25.0146         -12.8972      
     190.0        70.5752         -18.3161         0.0872         32.9722         -20.0230         -9.6725      
     189.0        65.1444         -18.3631         -3.6686         22.1058         -14.9145         -6.4253      
     188.0        59.1580         -18.1165         -7.3992         12.4109         -10.1491         -3.7287      
     187.0        53.1244         -18.8403         -11.8537         4.6286         -5.1001         -1.5681      
     186.0        47.2229         -20.8756         -16.2648         -1.3677         -0.6378         0.4469      
     185.0        42.0347         -21.7979         -20.3866         -6.1085         3.1757         1.2964      
     184.0        37.3238         -23.0103         -23.7318         -9.6819         5.8216         1.5173      
     183.0        32.9892         -24.3491         -26.3776         -10.9569         7.0740         1.2729      
     182.0        29.3582         -23.7882         -28.5850         -12.0879         7.2020         0.5527      
     181.0        26.3722         -23.8913         -30.3839         -12.8835         7.1308         -0.4254      
     180.0        23.7458         -23.0421         -31.4798         -13.7201         6.5612         -1.6242      
     179.0        21.6438         -22.6731         -32.3508         -13.6453         6.1772         -3.1673      
     178.0        19.6160         -21.2089         -32.0869         -13.9611         5.0427         -5.0609      
