#Derived Basis Spectrum set for calculating CD spectra
#spectrum_list: /home/gnagy/Documents/Gottingen/IDPs/experiments/CD_test/arom/PCA_2/Baselines/SS_tri1/M1/spectra_side.inp
#SS_list: /home/gnagy/Documents/Gottingen/IDPs/experiments/CD_test/sets/Seq_M1.inp
#Number of decomposed  spectra: 78

#Combination matrix for Structural Properties:
#Basis/  ALA       ASP       ASN       ARG       CYS       GLY       GLU       GLN       HIS       ILE       LEU       LYS       MET       PHE       PRO       SER       THR       TRP       TYR       VAL       
# GRP1 :    0.0000    0.0000    0.0000    0.0000    0.0000    0.0000    1.0000    0.0000    0.0000    1.0000    0.0000    0.0000    0.0000    0.0000    0.0000    0.0000    0.0000    1.0000    0.0000    1.0000  
# GRP2 :    0.0000    0.0000    0.0000    0.0000    0.0000    0.0000    0.0000    0.0000    1.0000    0.0000    0.0000    0.0000    0.0000    1.0000    0.0000    0.0000    0.0000    0.0000    0.0000    0.0000  
# GRP3 :    0.0000    0.0000    0.0000    1.0000    1.0000    0.0000    0.0000    0.0000    0.0000    0.0000    0.0000    0.0000    0.0000    0.0000    0.0000    0.0000    0.0000    0.0000    0.0000    0.0000  
# GRP4 :    0.0000    1.0000    0.0000    0.0000    0.0000    0.0000    0.0000    1.0000    0.0000    0.0000    0.0000    0.0000    0.0000    0.0000    0.0000    0.0000    0.0000    0.0000    0.0000    0.0000  
# GRP5 :    1.0000    0.0000    1.0000    0.0000    0.0000    0.0000    0.0000    0.0000    0.0000    0.0000    0.0000    0.0000    0.0000    0.0000    1.0000    0.0000    1.0000    0.0000    0.0000    0.0000  
# GRP6 :    0.0000    0.0000    0.0000    0.0000    0.0000    0.0000    0.0000    0.0000    0.0000    0.0000    0.0000    1.0000    1.0000    0.0000    0.0000    1.0000    0.0000    0.0000    0.0000    0.0000  
# GRP7 :    0.0000    0.0000    0.0000    0.0000    0.0000    1.0000    0.0000    0.0000    0.0000    0.0000    1.0000    0.0000    0.0000    0.0000    0.0000    0.0000    0.0000    0.0000    1.0000    0.0000  


#|  Wavelength      GRP1           GRP2           GRP3           GRP4           GRP5           GRP6           GRP7           
#      nm        T (10^3)       T (10^3)       T (10^3)       T (10^3)       T (10^3)       T (10^3)       T (10^3)      
     269.0        -0.0098         -0.4140         0.1680         -0.0005         -0.1462         0.1322         0.1749      
     268.0        0.0522         -0.7120         -0.1912         0.1719         -0.2302         0.1818         0.3078      
     267.0        0.0457         -0.2850         0.0073         -0.1268         -0.0386         0.1025         0.0862      
     266.0        0.1210         -0.2150         0.1104         -0.3193         0.0703         0.0898         -0.0777      
     265.0        0.0578         -0.3026         0.2302         -0.3260         0.0943         0.1748         -0.1245      
     264.0        -0.0441         -0.2712         0.2096         -0.1717         0.0645         0.1684         -0.0660      
     263.0        -0.1488         -0.1789         0.2985         -0.1214         0.0238         0.1011         0.0572      
     262.0        -0.0539         -0.1962         0.1905         -0.2572         0.0936         0.0213         0.0496      
     261.0        -0.0439         -0.0076         0.2753         -0.3579         0.1243         0.0063         -0.0301      
     260.0        0.0282         -0.0138         0.3508         -0.2116         0.0252         0.0549         -0.1250      
     259.0        -0.1421         -0.1939         0.3880         0.0926         -0.0628         0.2091         -0.0699      
     258.0        -0.1979         -0.0656         0.2607         0.1934         -0.0444         0.2159         -0.0775      
     257.0        -0.3142         -0.0904         0.2283         0.2267         0.0066         0.2409         -0.0349      
     256.0        -0.2507         -0.0655         0.0914         0.1712         0.0872         0.1458         -0.0591      
     255.0        -0.2005         0.1730         0.2204         -0.0231         0.1312         0.0345         -0.1077      
     254.0        -0.1356         0.2000         0.2413         0.1287         -0.0154         0.1049         -0.1413      
     253.0        -0.2507         0.2048         0.3275         0.1999         -0.0232         0.1812         -0.1346      
     252.0        -0.2052         0.2216         0.3454         0.0466         0.0374         0.1585         -0.1581      
     251.0        -0.2308         0.1321         0.2811         -0.0466         0.1378         0.1594         -0.1544      
     250.0        -0.2526         0.1037         0.2193         -0.0478         0.1315         0.1663         -0.1066      
     249.0        -0.2506         -0.0024         0.3598         0.0050         0.1159         0.0900         -0.0827      
     248.0        -0.3437         -0.2281         0.4031         0.1430         0.0832         0.1870         -0.0349      
     247.0        -0.5113         -0.3736         0.5461         0.2050         0.1153         0.2002         0.0503      
     246.0        -0.5387         -0.2715         0.6480         0.0249         0.0970         0.2189         0.1151      
     245.0        -0.6712         0.0015         0.8039         -0.0773         0.0679         0.2068         0.1996      
     244.0        -0.6950         -0.1189         0.9665         -0.1023         -0.0051         0.2861         0.2395      
     243.0        -0.6377         -0.0786         0.9627         -0.2900         0.0118         0.3004         0.2197      
     242.0        -0.6500         0.0900         1.0144         -0.3447         0.0060         0.3230         0.1706      
     241.0        -0.6780         0.1504         1.0947         -0.2602         -0.1053         0.4407         0.1298      
     240.0        -0.5968         0.4097         1.1245         -0.2421         -0.2358         0.3938         0.1293      
     239.0        -0.6058         0.6283         1.2360         -0.2566         -0.2874         0.3603         0.1129      
     238.0        -0.5812         0.5537         1.3312         -0.1309         -0.3510         0.4050         0.0390      
     237.0        -0.5511         0.7963         1.4376         -0.4213         -0.3822         0.4143         0.0485      
     236.0        -0.5059         1.0451         1.6856         -0.5718         -0.4200         0.2260         0.0691      
     235.0        -0.4955         0.9504         2.0066         -0.6871         -0.4764         0.0388         0.1971      
     234.0        -0.5363         0.8264         2.4019         -0.9488         -0.5609         -0.0191         0.3788      
     233.0        -0.6313         0.8931         2.7819         -1.2743         -0.5477         -0.1388         0.5158      
     232.0        -0.6867         0.8589         3.2715         -1.6760         -0.4767         -0.3838         0.6655      
     231.0        -0.6563         1.2095         3.5462         -2.1631         -0.4389         -0.6539         0.7954      
     230.0        -0.7051         1.5588         3.7325         -2.5432         -0.2470         -1.0151         0.8701      
     229.0        -0.6070         1.7747         3.8104         -3.0287         -0.1734         -1.2115         0.9605      
     228.0        -0.4291         2.0231         3.7336         -3.5123         -0.1645         -1.2926         1.0120      
     227.0        -0.2574         2.4258         3.5900         -3.8877         -0.2198         -1.4163         1.1168      
     226.0        -0.1524         2.7106         3.3548         -4.2825         -0.2100         -1.5421         1.2953      
     225.0        -0.1927         3.2294         2.9099         -4.4268         -0.1818         -1.7054         1.5018      
     224.0        -0.3993         3.5552         2.5580         -4.4505         0.0069         -1.9608         1.7074      
     223.0        -0.4960         4.2125         2.0034         -4.4818         0.0664         -2.2016         1.9304      
     222.0        -0.4755         5.0810         1.4096         -4.4279         -0.0601         -2.4268         2.1591      
     221.0        -0.4385         5.9911         0.8022         -4.1969         -0.3997         -2.5419         2.4625      
     220.0        -0.3670         6.7208         0.2508         -3.8574         -0.8362         -2.6248         2.8080      
     219.0        -0.3787         7.5882         -0.1872         -3.5143         -1.3075         -2.5982         3.1029      
     218.0        -0.5586         8.4065         -0.5197         -2.8984         -1.8312         -2.4938         3.3994      
     217.0        -0.6734         9.4013         -0.7258         -2.5376         -2.2064         -2.6078         3.6382      
     216.0        -0.6710         9.7283         -1.0714         -2.1620         -2.5599         -2.5736         3.8743      
     215.0        -0.6441         9.7358         -1.3194         -1.9792         -2.8350         -2.5148         4.1329      
     214.0        -0.5875         9.7772         -1.5486         -2.0270         -3.0876         -2.4973         4.4555      
     213.0        -0.5558         10.1869         -1.7079         -2.4059         -3.3775         -2.4478         4.8525      
     212.0        -0.7209         10.9597         -1.6230         -2.8819         -3.8206         -2.3149         5.4205      
     211.0        -1.0251         11.9653         -1.4330         -3.5231         -4.2855         -2.2828         6.1973      
     210.0        -1.3524         13.1495         -1.3803         -4.3756         -4.8183         -2.1805         7.1275      
     209.0        -1.7564         14.3867         -1.5628         -5.5102         -5.3315         -2.0225         8.2742      
     208.0        -2.1962         15.7042         -1.6791         -6.9591         -5.8457         -1.9853         9.6468      
     207.0        -2.7604         17.4624         -1.9095         -8.9800         -6.3671         -1.8743         11.2868      
     206.0        -3.4464         19.0879         -2.0131         -11.1293         -6.9749         -1.7982         13.2397      
     205.0        -4.2199         20.9101         -2.0068         -13.3117         -7.5915         -1.7835         15.2326      
     204.0        -4.8801         23.3803         -1.6747         -15.2548         -8.4172         -1.6749         16.8231      
     203.0        -5.3838         26.1061         -1.0432         -16.4827         -9.3571         -1.7187         17.9468      
     202.0        -5.5468         29.4630         -0.0179         -16.6584         -10.6914         -2.0158         18.5136      
     201.0        -5.3595         32.9463         1.0272         -16.0563         -12.0690         -2.5394         18.5265      
     200.0        -4.8123         36.1261         2.1199         -14.6979         -13.6077         -3.1529         18.1890      
     199.0        -4.1187         39.0873         2.8145         -12.7919         -15.1732         -3.6926         17.7074      
     198.0        -3.2966         41.4663         3.3623         -10.5277         -16.6289         -4.2948         17.1150      
     197.0        -2.5494         42.6141         3.5120         -7.8817         -17.6636         -5.1494         16.6921      
     196.0        -1.7991         42.4537         3.6096         -4.8892         -18.3923         -6.2146         16.3367      
     195.0        -1.0192         39.6887         3.3944         -1.2267         -18.7021         -7.0697         15.9021      
     194.0        -0.0649         34.3383         3.4917         2.7130         -18.5580         -7.7741         15.2002      
     193.0        0.9740         27.3020         3.5352         6.2875         -17.9729         -7.9533         14.2257      
     192.0        2.2746         18.6728         3.4478         9.3751         -17.1065         -7.5519         12.9738      
     191.0        3.5085         8.9997         3.0656         11.7282         -16.0102         -6.4745         11.8020      
     190.0        4.5986         -0.4950         3.0035         13.3042         -14.6583         -5.1624         10.4687      
     189.0        5.2273         -10.0669         2.3662         14.5579         -12.9233         -3.4203         9.1683      
     188.0        5.6148         -19.5180         2.0549         14.9271         -10.8422         -1.7456         8.0070      
     187.0        5.7531         -26.9818         1.2958         14.1747         -8.5316         -0.1468         6.9181      
     186.0        5.7284         -33.1316         0.6077         12.9251         -6.3668         1.4347         5.9609      
     185.0        5.3507         -36.5438         0.1146         11.2804         -4.6408         2.6639         5.4355      
     184.0        4.3449         -38.0878         -0.2327         9.5266         -2.8098         3.2211         5.3150      
     183.0        2.5359         -37.3976         -0.6683         7.6771         -1.1807         3.8164         5.5855      
     182.0        0.6746         -35.8036         -0.5666         5.4080         0.2549         4.1796         6.0480      
     181.0        -0.6742         -33.2134         -0.5719         3.0615         1.2247         4.4567         6.3297      
     180.0        -1.8591         -30.2377         -0.4785         0.8702         2.0094         4.6291         6.4813      
     179.0        -3.0698         -26.6964         -0.2134         -0.1354         2.2210         4.7153         6.5816      
     178.0        -4.8644         -23.1663         -0.3183         -0.7735         2.9369         4.3227         6.9862      
