#Derived Basis Spectrum set for calculating CD spectra
#spectrum_list: /home/gnagy/Documents/Gottingen/IDPs/experiments/CD_test/arom/SC_Dssp-1/Baselines/SS_tri1/M1/spectra_side.inp
#SS_list: /home/gnagy/Documents/Gottingen/IDPs/experiments/CD_test/sets/Seq_M1.inp
#Number of decomposed  spectra: 78

#Combination matrix for Structural Properties:
#Basis/  ALA       ASP       ASN       ARG       CYS       GLY       GLU       GLN       HIS       ILE       LEU       LYS       MET       PHE       PRO       SER       THR       TRP       TYR       VAL       
# GRP1 :    0.0000    0.0000    0.0000    0.0000    1.0000    0.0000    1.0000    1.0000    0.0000    0.0000    0.0000    0.0000    0.0000    0.0000    0.0000    0.0000    0.0000    0.0000    0.0000    0.0000  
# GRP2 :    0.0000    0.0000    0.0000    0.0000    0.0000    0.0000    0.0000    0.0000    0.0000    1.0000    0.0000    0.0000    0.0000    0.0000    0.0000    0.0000    0.0000    0.0000    0.0000    0.0000  
# GRP3 :    0.0000    0.0000    0.0000    0.0000    0.0000    0.0000    0.0000    0.0000    0.0000    0.0000    0.0000    0.0000    0.0000    0.0000    1.0000    0.0000    1.0000    0.0000    1.0000    0.0000  
# GRP4 :    0.0000    0.0000    1.0000    1.0000    0.0000    0.0000    0.0000    0.0000    0.0000    0.0000    0.0000    0.0000    0.0000    0.0000    0.0000    0.0000    0.0000    1.0000    0.0000    1.0000  
# GRP5 :    1.0000    0.0000    0.0000    0.0000    0.0000    1.0000    0.0000    0.0000    1.0000    0.0000    0.0000    0.0000    0.0000    1.0000    0.0000    1.0000    0.0000    0.0000    0.0000    0.0000  
# GRP6 :    0.0000    1.0000    0.0000    0.0000    0.0000    0.0000    0.0000    0.0000    0.0000    0.0000    1.0000    1.0000    1.0000    0.0000    0.0000    0.0000    0.0000    0.0000    0.0000    0.0000  


#|  Wavelength      GRP1           GRP2           GRP3           GRP4           GRP5           GRP6           
#      nm        T (10^3)       T (10^3)       T (10^3)       T (10^3)       T (10^3)       T (10^3)      
     269.0        -0.2035         0.0584         -0.2765         -0.0381         0.3237         -0.0347      
     268.0        -0.2286         0.3106         -0.1620         -0.3347         0.3416         0.0447      
     267.0        -0.0035         0.0490         0.0211         -0.1108         0.1129         -0.0755      
     266.0        0.0274         -0.0670         0.1079         0.1115         -0.1022         -0.0257      
     265.0        -0.0498         -0.1890         0.0459         0.2717         -0.1121         0.0044      
     264.0        -0.1315         -0.3758         0.0745         0.2567         -0.0921         0.0519      
     263.0        -0.0827         -0.4412         0.0189         0.1379         0.0741         -0.0399      
     262.0        -0.1565         -0.2643         0.0652         0.1179         0.0403         -0.0700      
     261.0        -0.1072         -0.2436         0.0461         0.1824         -0.0232         -0.0859      
     260.0        -0.0677         -0.1138         -0.0493         0.1927         -0.1311         0.0810      
     259.0        -0.0367         0.0704         -0.0495         0.0469         -0.1495         0.1888      
     258.0        0.0591         -0.0410         0.0243         -0.1176         -0.1165         0.2158      
     257.0        0.0978         -0.2484         0.0282         -0.1779         -0.0281         0.1733      
     256.0        -0.0064         -0.1926         0.0936         -0.2250         0.0513         0.1040      
     255.0        0.0574         -0.3167         0.0890         -0.2021         0.0978         0.0318      
     254.0        0.1556         -0.2575         -0.0089         -0.2790         0.0792         0.1502      
     253.0        0.1321         -0.0964         0.0575         -0.3233         -0.0441         0.2512      
     252.0        0.2332         -0.1799         0.0813         -0.2733         -0.1187         0.2118      
     251.0        0.1516         -0.0199         0.0999         -0.1918         -0.2167         0.2140      
     250.0        0.0412         0.0211         0.1104         -0.2357         -0.0833         0.1390      
     249.0        0.1176         -0.0070         0.1150         -0.3223         0.0353         0.0422      
     248.0        0.1662         -0.0806         0.0555         -0.5025         0.2675         -0.0260      
     247.0        0.1161         -0.2656         0.0158         -0.5937         0.3934         -0.0006      
     246.0        0.0953         -0.4574         -0.0447         -0.6420         0.5486         -0.0638      
     245.0        -0.0435         -0.8644         -0.0955         -0.6302         0.7653         -0.1300      
     244.0        -0.1220         -1.0683         -0.1981         -0.6335         0.9814         -0.1906      
     243.0        -0.1870         -1.0790         -0.0763         -0.6644         1.1519         -0.3893      
     242.0        -0.1131         -1.3112         0.0047         -0.7572         1.2887         -0.5385      
     241.0        -0.1239         -1.4305         0.1351         -0.9186         1.3505         -0.5568      
     240.0        -0.0946         -1.6498         0.1429         -1.0173         1.4630         -0.6383      
     239.0        -0.0818         -2.1733         0.1356         -1.0355         1.6380         -0.7808      
     238.0        -0.1267         -2.5554         0.1351         -1.0507         1.7637         -0.8263      
     237.0        -0.3298         -3.1625         0.2876         -1.0664         2.0469         -1.0349      
     236.0        -0.3978         -3.6097         0.3299         -1.1060         2.4368         -1.3998      
     235.0        -0.5490         -3.9015         0.4339         -1.2862         2.9098         -1.7178      
     234.0        -0.7306         -4.4694         0.4914         -1.3831         3.3244         -1.9607      
     233.0        -0.8613         -5.2735         0.5928         -1.4137         3.8075         -2.3274      
     232.0        -0.8534         -5.7886         0.9380         -1.3192         3.9950         -2.7321      
     231.0        -1.0384         -6.2498         1.3718         -0.9968         3.9703         -3.0369      
     230.0        -1.1379         -6.5018         1.7535         -0.5782         3.8546         -3.3423      
     229.0        -1.3745         -6.3042         2.0251         -0.0006         3.5865         -3.4857      
     228.0        -1.6570         -6.1573         2.2056         0.6702         3.2327         -3.4852      
     227.0        -1.7748         -5.8872         2.2612         1.2682         2.9263         -3.5013      
     226.0        -1.8280         -5.3023         2.3672         1.7554         2.4820         -3.4176      
     225.0        -1.9476         -4.8345         2.5380         2.1649         1.9944         -3.1827      
     224.0        -2.0540         -4.1390         2.7591         2.4286         1.4933         -2.8862      
     223.0        -2.1113         -3.4043         2.8729         2.6598         0.9147         -2.4611      
     222.0        -2.0305         -2.6036         2.8023         2.7009         0.4171         -1.9744      
     221.0        -1.8796         -2.0324         2.5567         2.6009         0.0766         -1.4504      
     220.0        -1.7411         -1.2939         2.2372         2.2187         0.0434         -1.0679      
     219.0        -1.5810         -1.0745         1.9766         1.8050         0.1666         -0.7886      
     218.0        -1.3918         -1.0023         1.6864         1.1874         0.4379         -0.4647      
     217.0        -1.1781         -0.8611         1.5072         0.6329         0.7428         -0.3832      
     216.0        -1.0072         -0.6892         1.2953         0.0178         1.0722         -0.2801      
     215.0        -1.0067         -0.8167         1.0346         -0.5288         1.6750         -0.3512      
     214.0        -1.1363         -0.9462         0.9726         -1.1320         2.3652         -0.6137      
     213.0        -1.3022         -1.4356         0.9768         -1.6858         3.1974         -1.0186      
     212.0        -1.4787         -2.1176         0.8363         -2.2752         4.2847         -1.5681      
     211.0        -1.8258         -2.6681         0.7579         -2.8994         5.5761         -2.3263      
     210.0        -2.3665         -3.3823         0.6842         -3.4605         7.0196         -3.1684      
     209.0        -3.1656         -4.2212         0.8059         -4.2123         8.8005         -4.2471      
     208.0        -4.1391         -5.3042         1.1894         -5.0338         10.7743         -5.5622      
     207.0        -5.3189         -6.5240         1.7397         -6.0385         13.0088         -6.9967      
     206.0        -6.6302         -8.0413         2.2879         -7.0246         15.5543         -8.6706      
     205.0        -7.9390         -9.6431         3.0251         -8.0155         18.0332         -10.4108      
     204.0        -9.0603         -11.1091         3.9330         -9.0623         20.3458         -12.0541      
     203.0        -9.7363         -12.6533         4.8808         -10.0922         22.3793         -13.5848      
     202.0        -10.0894         -14.2538         5.5449         -11.0531         24.1094         -14.7941      
     201.0        -10.1192         -15.2685         5.9210         -11.9219         25.2604         -15.5621      
     200.0        -9.8514         -15.7420         5.3936         -12.4520         25.9606         -15.7417      
     199.0        -9.2358         -15.4376         4.1013         -12.7466         26.0718         -15.3031      
     198.0        -8.2555         -14.3150         2.4249         -12.7230         25.5725         -14.3809      
     197.0        -7.0358         -12.7313         0.1618         -12.1677         24.5988         -13.0319      
     196.0        -5.7252         -10.6671         -2.5190         -11.1932         23.3393         -11.5705      
     195.0        -3.9604         -7.9851         -5.3277         -10.2280         21.8285         -10.1414      
     194.0        -1.9388         -4.8508         -8.5621         -8.8899         20.1395         -8.7099      
     193.0        0.2516         -1.5460         -11.8048         -7.8033         18.5315         -7.3604      
     192.0        2.9394         1.2373         -15.0077         -6.9768         17.0381         -6.1475      
     191.0        5.4490         3.5321         -18.2125         -6.0857         15.8002         -5.0784      
     190.0        7.5797         4.6993         -21.0832         -5.2735         14.8292         -4.0630      
     189.0        9.6530         5.3148         -22.9606         -4.6742         13.7408         -3.3112      
     188.0        11.2433         5.5242         -23.6376         -3.9685         12.5360         -2.8279      
     187.0        12.1755         5.0606         -23.1906         -3.4311         11.3035         -2.4144      
     186.0        13.0925         4.0716         -22.0196         -3.1029         10.2510         -2.3643      
     185.0        13.8084         3.5407         -20.4187         -2.9581         9.6083         -2.9851      
     184.0        13.8121         2.2619         -18.3009         -2.9145         9.2713         -3.6657      
     183.0        13.6937         0.7113         -15.8008         -3.2526         9.0155         -4.3940      
     182.0        13.2494         -0.7698         -12.9447         -3.3446         8.4483         -4.9863      
     181.0        12.5998         -2.1191         -10.2450         -3.4280         7.9329         -5.4474      
     180.0        11.5148         -3.4772         -7.4939         -3.4736         7.3903         -5.6408      
     179.0        10.7862         -4.5091         -5.3324         -3.3792         6.8780         -5.8588      
     178.0        8.9295         -5.3895         -3.1885         -3.5789         6.6651         -5.4889      
