#Derived Basis Spectrum set for calculating CD spectra
#spectrum_list: /home/gnagy/Documents/Gottingen/IDPs/experiments/CD_test/arom/side_Avg6/BB_corr_scale/CD_corr_MP79.inp
#SS_list: /home/gnagy/Documents/Gottingen/IDPs/experiments/CD_test/arom/side_Avg6/Seq_MP79.inp
#Number of decomposed  spectra: 79

#Combination matrix for Structural Properties:
#Basis/     ALA       ASP       ASN       ARG       CYS       GLY       GLU       GLN       HIS       ILE       LEU       LYS       MET       PHE       PRO       SER       THR       TRP       TYR       VAL       
# GRP1 :    0.0000    1.0000    0.0000    0.0000    0.0000    0.0000    0.0000    0.0000    0.0000    0.0000    0.0000    0.0000    0.0000    1.0000    0.0000    0.0000    0.0000    0.0000    0.0000    1.0000  
# GRP2 :    0.0000    0.0000    0.0000    0.0000    1.0000    0.0000    0.0000    0.0000    0.0000    0.0000    0.0000    0.0000    0.0000    0.0000    0.0000    0.0000    1.0000    1.0000    0.0000    0.0000  
# GRP3 :    0.0000    0.0000    1.0000    0.0000    0.0000    0.0000    1.0000    0.0000    0.0000    1.0000    0.0000    0.0000    0.0000    0.0000    0.0000    1.0000    0.0000    0.0000    0.0000    0.0000  
# GRP4 :    0.0000    0.0000    0.0000    0.0000    0.0000    0.0000    0.0000    1.0000    1.0000    0.0000    0.0000    1.0000    1.0000    0.0000    0.0000    0.0000    0.0000    0.0000    0.0000    0.0000  
# GRP5 :    1.0000    0.0000    0.0000    0.0000    0.0000    0.0000    0.0000    0.0000    0.0000    0.0000    1.0000    0.0000    0.0000    0.0000    1.0000    0.0000    0.0000    0.0000    0.0000    0.0000  
# GRP6 :    0.0000    0.0000    0.0000    1.0000    0.0000    1.0000    0.0000    0.0000    0.0000    0.0000    0.0000    0.0000    0.0000    0.0000    0.0000    0.0000    0.0000    0.0000    1.0000    0.0000  


#|  Wavelength      GRP1           GRP2           GRP3           GRP4           GRP5           GRP6           
#      nm        T (10^3)       T (10^3)       T (10^3)       T (10^3)       T (10^3)       T (10^3)      
     269.0        -0.0574         0.0873         -0.1243         -0.1013         -0.0005         0.2204      
     268.0        -0.1394         0.0136         -0.0216         -0.0714         0.0291         0.1395      
     267.0        -0.1206         0.1088         -0.0235         0.0191         -0.0033         0.0070      
     266.0        -0.0129         0.0972         -0.0244         0.0051         -0.0256         -0.0675      
     265.0        -0.0342         0.0091         -0.0215         -0.0434         0.0723         -0.0406      
     264.0        0.0355         -0.0226         -0.0257         -0.0953         0.0405         0.0053      
     263.0        -0.0220         -0.0058         -0.0094         -0.0647         -0.0086         0.0894      
     262.0        -0.0322         -0.0814         -0.0463         -0.0713         0.0945         0.0419      
     261.0        -0.0932         -0.1615         -0.0065         0.0185         0.1321         -0.0443      
     260.0        -0.0376         -0.1763         0.0318         0.0377         0.1333         -0.1645      
     259.0        -0.0844         -0.2121         0.1503         0.0195         0.0777         -0.1736      
     258.0        -0.0391         -0.1616         0.1431         0.0416         0.0210         -0.1740      
     257.0        -0.0000         -0.2223         0.1222         -0.0038         -0.0022         -0.1159      
     256.0        0.0263         -0.3460         0.0085         -0.0472         0.1063         -0.0187      
     255.0        0.0202         -0.3991         -0.0348         0.0183         0.1324         -0.0160      
     254.0        0.1205         -0.4405         -0.0142         0.0410         0.1253         -0.0948      
     253.0        0.1730         -0.4119         0.0608         0.0700         -0.0025         -0.1143      
     252.0        0.2249         -0.3833         0.0554         0.1012         -0.0449         -0.1363      
     251.0        0.2486         -0.4139         0.0524         0.0360         -0.0146         -0.1834      
     250.0        0.1442         -0.4287         0.0716         0.0698         -0.0322         -0.0939      
     249.0        0.0315         -0.3819         0.1487         0.0528         -0.0593         -0.0533      
     248.0        -0.0767         -0.3698         0.2143         -0.0445         0.0339         -0.0071      
     247.0        -0.0955         -0.3725         0.1770         -0.1643         0.1659         0.0753      
     246.0        -0.0575         -0.4681         0.0647         -0.1144         0.2284         0.1667      
     245.0        -0.0188         -0.4255         -0.1168         -0.0772         0.2793         0.2683      
     244.0        -0.1006         -0.3688         -0.1287         -0.0865         0.2886         0.3957      
     243.0        -0.3073         -0.2916         0.0018         -0.0456         0.2375         0.4971      
     242.0        -0.3748         -0.0578         -0.0050         -0.0022         0.2280         0.4893      
     241.0        -0.4630         0.1402         0.0004         0.0240         0.2886         0.4322      
     240.0        -0.3878         0.1632         -0.0785         0.0825         0.3033         0.3832      
     239.0        -0.3546         0.3907         -0.2588         0.1397         0.3177         0.4169      
     238.0        -0.3530         0.6001         -0.3088         0.1213         0.3152         0.4654      
     237.0        -0.4659         0.7501         -0.4541         0.2189         0.3824         0.6313      
     236.0        -0.5427         0.9466         -0.6130         0.1645         0.5802         0.7175      
     235.0        -0.7909         1.1834         -0.7352         -0.0087         0.9534         0.8603      
     234.0        -1.0209         1.2983         -0.9293         -0.1013         1.3893         0.9428      
     233.0        -1.3273         1.6806         -1.1603         -0.1938         1.7514         1.1386      
     232.0        -1.6072         2.2480         -1.2626         -0.4513         1.9843         1.3069      
     231.0        -1.6331         2.7702         -1.4607         -0.6533         2.0663         1.5326      
     230.0        -1.6300         3.3468         -1.7023         -0.9578         2.2099         1.8109      
     229.0        -1.5871         3.8921         -1.8554         -1.2432         2.2711         2.1255      
     228.0        -1.5319         4.4320         -2.0086         -1.3251         2.1893         2.4746      
     227.0        -1.4338         4.9217         -2.1354         -1.2210         1.9084         2.8933      
     226.0        -1.3174         5.2594         -2.1783         -1.1855         1.6584         3.2645      
     225.0        -1.0328         5.4097         -2.2667         -1.0104         1.2636         3.7627      
     224.0        -0.8663         5.3959         -2.3973         -0.9574         1.1673         4.2806      
     223.0        -0.4976         5.2770         -2.4892         -0.7588         0.8240         4.7808      
     222.0        -0.0599         4.9334         -2.4623         -0.4199         0.2903         5.2862      
     221.0        0.4753         4.5528         -2.5319         0.0646         -0.3596         5.8264      
     220.0        0.9702         4.0780         -2.5812         0.4519         -0.9273         6.3521      
     219.0        1.5122         3.6239         -2.7018         0.9778         -1.5935         6.9313      
     218.0        1.9072         3.0821         -2.8064         1.4900         -2.0585         7.4215      
     217.0        2.2485         2.5076         -2.8068         1.9545         -2.5495         7.8377      
     216.0        2.4377         1.8097         -2.7346         2.4640         -2.9497         8.1605      
     215.0        2.3763         1.4169         -2.8339         2.9183         -3.1233         8.5006      
     214.0        2.3693         0.9235         -2.9364         3.2327         -3.2299         8.7040      
     213.0        2.5255         0.6010         -3.1205         3.5568         -3.4824         8.9332      
     212.0        2.6709         0.3031         -3.2223         3.8882         -3.8419         9.1353      
     211.0        2.7964         -0.0462         -3.2648         4.0783         -4.2180         9.3922      
     210.0        2.9688         -0.2948         -3.4195         4.4797         -4.7378         9.6619      
     209.0        3.0980         -0.1770         -3.7860         4.8702         -5.2932         9.9971      
     208.0        3.2870         -0.0509         -4.3045         5.1354         -5.7932         10.3398      
     207.0        3.4258         0.1270         -4.9808         5.5454         -6.2942         10.7037      
     206.0        3.5821         0.3073         -5.6963         5.8843         -6.8724         11.1432      
     205.0        3.6846         0.5014         -6.5583         6.2320         -7.2582         11.4391      
     204.0        4.0243         0.8081         -7.4236         6.6711         -7.7801         11.4917      
     203.0        4.6579         1.1766         -8.3790         7.0036         -8.2366         11.3090      
     202.0        5.8093         1.4017         -9.6618         7.2928         -8.6642         10.9902      
     201.0        7.3737         1.3906         -11.0255         7.2615         -8.9259         10.4437      
     200.0        9.2324         1.2279         -12.4701         7.0178         -9.1158         9.8475      
     199.0        11.3210         0.9965         -13.8828         6.8799         -9.5786         9.2929      
     198.0        13.4576         0.7137         -14.8432         6.5156         -10.2747         8.8786      
     197.0        15.5169         0.2967         -15.3712         5.9319         -10.9921         8.6876      
     196.0        17.3235         -0.4706         -15.1796         5.0151         -11.7544         8.6033      
     195.0        18.0174         -1.5446         -13.9595         3.8904         -12.2869         8.5258      
     194.0        17.1986         -2.5342         -11.8565         2.7221         -12.1584         8.1000      
     193.0        15.1168         -3.0567         -9.2056         1.7409         -11.7171         7.5071      
     192.0        11.7099         -3.3072         -6.0445         1.0056         -10.7066         6.5795      
     191.0        7.5183         -3.1944         -2.6073         0.5558         -9.5762         5.5984      
     190.0        3.2122         -3.1498         0.7745         0.0074         -8.0978         4.6560      
     189.0        -1.4884         -2.6769         3.9752         -0.0803         -6.7199         3.8184      
     188.0        -6.5010         -1.6366         7.2125         -0.2431         -5.3083         3.0897      
     187.0        -10.8908         -0.2860         9.8561         -0.4634         -3.9091         2.5854      
     186.0        -14.7358         1.2347         11.9821         -0.5819         -2.5644         2.1469      
     185.0        -17.3975         2.7415         13.8188         -0.6939         -2.1742         2.1206      
     184.0        -18.7162         4.1189         14.8496         -1.2705         -1.9063         2.5454      
     183.0        -19.1155         5.8688         14.9127         -1.3040         -2.0861         3.1746      
     182.0        -18.9597         7.4758         14.8414         -1.6454         -2.1975         3.6248      
     181.0        -18.1254         8.8220         14.1765         -1.7838         -2.2972         4.0667      
     180.0        -16.8630         9.7916         12.9937         -1.8349         -2.1409         4.4664      
     179.0        -14.9584         10.5722         11.5207         -1.3085         -2.6858         4.9540      
     178.0        -12.8097         10.8912         9.6273         -1.0114         -2.7690         5.7088      
