#Derived Basis Spectrum set for calculating CD spectra
#spectrum_list: /home/gnagy/Documents/Gottingen/IDPs/experiments/CD_test/sets/spectrum_SP175.inp
#SS_list: /home/gnagy/Documents/Gottingen/IDPs/experiments/CD_test/sets/Dssp_SP175.inp
#Number of decomposed  spectra: 71

#Combination matrix for Structural Properties:
#Basis/  		3-Helix   4-Helix   5-Helix   Bend      Beta-Bridge Beta-strand Turn      Unclassified 
# 3-Helix :    		1.000    0.000    0.000    0.000    0.000    0.000    0.000    0.000  
# 4-Helix :    		0.000    1.000    0.000    0.000    0.000    0.000    0.000    0.000  
# 5-Helix :    		0.000    0.000    1.000    0.000    0.000    0.000    0.000    0.000  
# Bend    :    		0.000    0.000    0.000    1.000    0.000    0.000    0.000    0.000  
# Beta-Bridge :   	0.000    0.000    0.000    0.000    1.000    0.000    0.000    0.000  
# Beta-strand :   	0.000    0.000    0.000    0.000    0.000    1.000    0.000    0.000  
# Turn :    		0.000    0.000    0.000    0.000    0.000    0.000    1.000    0.000  
# Unclassified :    	0.000    0.000    0.000    0.000    0.000    0.000    0.000    1.000  


#|  Wavelength      3-Helix        4-Helix        5-Helix        Bend           Beta-Bridge    Beta-strand    Turn           Unclassified   
#      nm        T (10^3)       T (10^3)       T (10^3)       T (10^3)       T (10^3)       T (10^3)       T (10^3)       T (10^3)      
     269.0         1.024          0.244         -8.025         -0.504          1.098          0.331         -0.874         -0.122      
     268.0         0.857          0.435         -37.202         -1.165          0.514          0.207         -2.589          1.184      
     267.0         0.467          0.080         -39.094         -0.166         -1.470          0.106         -0.518          0.259      
     266.0        -0.195         -0.121         -8.725          0.464         -1.522         -0.002          0.447         -0.140      
     265.0        -0.301         -0.122         23.634          0.365         -0.203          0.004          0.288         -0.137      
     264.0        -0.199         -0.026         17.285         -0.066          0.793          0.005         -0.322          0.201      
     263.0         0.150          0.015         31.357         -0.837         -0.147          0.120         -0.626          0.523      
     262.0         0.398         -0.098         16.822         -0.725         -1.225          0.126         -0.305          0.422      
     261.0         0.682         -0.270         27.667         -0.475         -2.676          0.134          0.583          0.043      
     260.0         1.033         -0.265         43.032         -0.103         -2.155          0.022          0.249          0.148      
     259.0         0.953         -0.059         29.733         -0.258          0.397         -0.043         -0.913          0.588      
     258.0         1.064          0.053         24.613          0.030          1.598         -0.083         -1.366          0.521      
     257.0         1.123          0.049         22.364         -0.158          1.643         -0.028         -1.490          0.515      
     256.0         1.237          0.048         14.647         -0.684          2.008          0.100         -1.442          0.460      
     255.0         1.366         -0.100         21.724         -0.583          0.103          0.208         -0.185         -0.158      
     254.0         1.768         -0.141         27.554         -0.249         -0.968          0.153         -0.077         -0.218      
     253.0         1.585         -0.198         26.036         -0.462         -2.216          0.049          0.242          0.041      
     252.0         1.495         -0.348         49.322         -0.165         -3.262         -0.036          0.640         -0.049      
     251.0         1.616         -0.465         55.522         -0.300         -3.755         -0.154          0.339          0.380      
     250.0         1.965         -0.387         38.502         -1.246         -2.853         -0.046         -0.662          0.905      
     249.0         2.213         -0.398         21.428         -1.592         -3.292          0.065         -0.879          0.933      
     248.0         2.521         -0.371         46.081         -1.558         -2.514          0.205         -1.357          0.695      
     247.0         2.425         -0.459         45.032         -1.702         -2.984          0.296         -1.269          0.563      
     246.0         2.395         -0.662         45.587         -1.595         -3.730          0.465         -0.828          0.088      
     245.0         2.641         -0.915         25.109         -1.843         -4.373          0.653         -0.902         -0.103      
     244.0         3.131         -1.126          0.928         -2.727         -4.328          0.860         -1.575          0.121      
     243.0         3.598         -1.454         -29.066         -3.197         -4.941          1.024         -1.849          0.090      
     242.0         3.653         -1.994         -36.736         -3.568         -5.428          1.178         -1.909          0.001      
     241.0         3.960         -2.578         -83.521         -4.432         -5.600          1.293         -3.042          0.665      
     240.0         3.832         -3.381         -105.073         -4.685         -6.262          1.521         -3.423          0.728      
     239.0         3.740         -4.470         -130.853         -5.298         -6.957          1.844         -3.584          0.666      
     238.0         3.742         -5.683         -134.954         -6.195         -7.298          2.114         -4.139          0.949      
     237.0         3.538         -7.097         -120.367         -6.875         -8.740          2.462         -4.294          0.911      
     236.0         3.635         -8.624         -122.207         -7.429         -10.813          2.846         -5.009          0.955      
     235.0         4.121         -10.225         -149.940         -8.248         -13.705          3.176         -6.790          1.565      
     234.0         4.155         -12.123         -158.230         -8.341         -17.654          3.440         -7.941          1.824      
     233.0         4.245         -14.194         -170.963         -8.549         -20.665          3.712         -8.918          1.735      
     232.0         3.904         -16.616         -141.518         -8.648         -23.990          3.681         -9.160          1.718      
     231.0         3.152         -19.194         -106.297         -8.971         -26.086          3.436         -9.305          1.977      
     230.0         2.742         -21.845         -82.597         -9.161         -27.406          3.082         -8.798          1.789      
     229.0         2.491         -24.409         -90.200         -9.164         -28.999          2.468         -8.328          1.799      
     228.0         2.389         -26.847         -101.174         -9.189         -31.137          1.706         -7.448          1.765      
     227.0         1.882         -28.919         -136.552         -9.500         -31.687          0.854         -6.970          1.901      
     226.0         1.210         -30.846         -171.215         -9.795         -33.194         -0.183         -5.887          2.058      
     225.0         0.551         -32.357         -216.765         -10.744         -32.146         -1.287         -5.271          2.495      
     224.0         0.175         -33.483         -242.930         -12.642         -30.426         -2.377         -4.653          3.187      
     223.0         0.069         -34.270         -282.692         -14.144         -28.436         -3.620         -4.000          3.780      
     222.0         0.278         -34.746         -285.230         -15.281         -26.623         -4.818         -3.180          4.064      
     221.0         0.499         -34.848         -284.943         -16.766         -24.624         -5.878         -2.662          4.443      
     220.0         1.550         -34.678         -277.395         -18.295         -23.639         -6.636         -2.559          4.648      
     219.0         2.684         -34.287         -248.591         -19.571         -22.332         -7.215         -1.993          4.247      
     218.0         4.125         -33.626         -279.323         -21.621         -21.723         -7.592         -2.528          4.613      
     217.0         5.676         -33.064         -312.002         -22.623         -22.141         -7.747         -2.219          4.111      
     216.0         7.200         -32.536         -344.675         -23.239         -22.621         -7.636         -2.080          3.526      
     215.0         8.656         -32.002         -347.655         -23.166         -23.104         -7.121         -1.886          2.226      
     214.0         9.669         -31.606         -372.755         -22.334         -24.181         -6.315         -1.940          0.768      
     213.0        10.778         -31.432         -392.065         -20.766         -27.926         -5.356         -1.158         -1.404      
     212.0        11.040         -31.227         -493.164         -19.262         -32.251         -4.114         -1.657         -3.055      
     211.0        11.478         -31.341         -535.276         -17.077         -38.187         -2.596         -1.793         -5.371      
     210.0        11.144         -31.372         -591.327         -15.003         -45.332         -0.905         -2.168         -7.508      
     209.0         9.762         -30.847         -630.661         -12.778         -51.359          1.139         -3.497         -9.723      
     208.0         7.299         -29.451         -674.416         -10.175         -59.565          3.521         -4.124         -12.355      
     207.0         4.614         -26.778         -690.842         -6.426         -70.557          5.988         -3.847         -15.804      
     206.0         1.241         -22.416         -713.958         -1.987         -80.529          8.713         -3.933         -19.732      
     205.0        -1.034         -16.869         -707.567          3.844         -91.220         11.364         -2.799         -24.723      
     204.0        -0.654         -10.092         -746.912         11.077         -100.045         13.672         -1.717         -30.486      
     203.0         1.981         -2.343         -805.753         18.839         -104.139         15.831         -1.279         -36.514      
     202.0         8.251          6.111         -829.123         27.172         -104.196         17.774         -0.264         -43.457      
     201.0        17.458         15.420         -824.511         35.580         -97.762         19.139         -0.525         -49.777      
     200.0        27.310         25.628         -775.760         42.754         -83.609         20.127         -2.376         -54.855      
     199.0        36.207         36.286         -718.579         48.184         -65.987         20.694         -3.561         -58.716      
     198.0        43.830         46.841         -695.214         51.707         -43.554         20.599         -5.503         -60.568      
     197.0        47.292         56.162         -668.336         52.307         -22.667         20.096         -6.084         -60.335      
     196.0        47.157         63.608         -636.891         50.678         -3.265         19.300         -5.887         -58.401      
     195.0        43.889         69.008         -591.531         46.441         20.117         18.229         -7.600         -53.924      
     194.0        36.219         72.402         -509.115         41.061         45.426         17.083         -10.184         -47.918      
     193.0        27.282         73.826         -413.076         35.811         69.078         15.855         -11.454         -42.345      
     192.0        17.892         73.508         -319.569         32.519         91.876         14.565         -12.227         -37.874      
     191.0         8.666         71.621         -251.914         29.052         107.672         13.151         -12.798         -33.252      
     190.0         2.210         68.294         -199.372         26.894         116.600         11.465         -12.961         -29.575      
     189.0        -3.857         63.678         -125.741         24.211         126.605          9.587         -13.204         -26.126      
     188.0        -9.274         58.358         -81.861         20.221         130.797          7.555         -12.583         -22.529      
     187.0        -12.244         52.703         -59.291         15.017         131.077          5.134         -11.742         -18.813      
     186.0        -15.201         47.011         -2.118         10.596         128.666          2.826         -9.328         -16.604      
     185.0        -17.591         41.951          5.999          4.605         123.797          0.670         -8.057         -13.758      
     184.0        -18.306         37.259         57.519         -0.482         118.088         -1.586         -7.430         -11.620      
     183.0        -20.434         32.834         109.667         -5.326         111.538         -3.765         -6.011         -10.003      
     182.0        -21.605         28.865         109.723         -9.479         100.597         -6.297         -4.440         -8.145      
     181.0        -21.354         25.648         71.129         -13.026         92.473         -8.636         -4.231         -6.724      
     180.0        -20.737         22.801         36.925         -15.580         84.307         -10.761         -3.471         -6.041      
     179.0        -19.787         20.413         -3.074         -18.797         75.621         -12.590         -2.832         -5.184      
     178.0        -18.383         18.285         -36.509         -22.717         66.926         -14.018         -3.859         -3.532      
     177.0        -17.587         15.832         -81.290         -25.879         51.688         -15.764         -3.242         -1.232      
     176.0        -15.346         13.296         -121.938         -29.217         37.498         -17.333         -3.217          1.495      
     175.0        -12.888         11.024         -116.521         -29.561         33.162         -18.199         -3.321          1.528      
