#Spectrum Matrix:
#Wvl       1       2       3       4       5       6       7       8       9    
 178.0   16.094   9.300   2.737  -0.594   4.716   0.198  -12.203  -9.333  -9.795 
 179.0   18.304  10.191   4.419   0.429   5.837   1.352  -11.543  -8.674  -8.806 
 180.0   20.613  11.213   6.035   1.616   6.992   2.309  -10.883  -7.981  -7.717 
 181.0   23.119  12.302   6.926   2.935   8.146   3.034  -10.290  -7.223  -6.530 
 182.0   26.054  13.522   7.322   4.386   9.300   3.595  -9.729  -6.398  -5.211 
 183.0   29.583  14.907   7.684   5.969  10.455   4.057  -9.168  -5.508  -3.760 
 184.0   33.508  16.490   8.047   7.651  11.576   4.419  -8.575  -4.485  -2.210 
 185.0   37.597  18.403   8.410   9.300  12.598   4.650  -7.948  -3.364  -0.627 
 186.0   41.720  20.909   8.806  10.949  13.390   4.815  -7.256  -2.177   0.825 
 187.0   45.875  24.240   9.234  12.565  13.852   5.013  -6.497  -1.022   2.045 
 188.0   50.031  28.099   9.729  14.049  13.918   5.343  -5.771   0.264   3.001 
 189.0   54.120  32.156  10.356  15.336  13.456   5.870  -5.079   1.814   3.529 
 190.0   57.583  36.278  11.081  16.292  12.302   6.497  -4.287   3.496   3.562 
 191.0   59.826  40.401  11.840  16.886  10.356   7.058  -3.331   5.211   3.166 
 192.0   60.650  44.094  12.664  17.150   7.816   7.420  -2.309   6.959   2.539 
 193.0   59.991  46.898  13.621  17.051   4.914   7.552  -1.286   8.740   1.913 
 194.0   58.078  48.481  14.412  16.424   1.979   7.420  -0.330  10.257   1.385 
 195.0   54.945  48.481  14.775  15.072  -0.627   6.959   0.528  11.312   0.890 
 196.0   50.163  46.766  14.412  12.928  -2.803   6.035   1.319  11.873   0.330 
 197.0   43.303  43.105  13.159  10.092  -4.485   4.584   2.144  12.005  -0.330 
 198.0   34.959  37.300  11.114   6.695  -5.607   2.803   2.968  11.609  -1.220 
 199.0   25.856  29.352   8.542   3.001  -6.200   0.890   3.727  10.751  -2.276 
 200.0   16.589  20.711   5.673  -0.726  -6.398  -1.121   4.287   9.432  -3.463 
 201.0    7.651  12.697   2.770  -4.254  -6.464  -3.166   4.551   8.146  -4.683 
 202.0   -0.297   5.211   0.066  -7.388  -6.563  -5.079   4.617   6.893  -5.903 
 203.0   -6.728  -2.078  -2.309  -9.993  -6.893  -6.728   4.551   5.673  -7.025 
 204.0   -12.104  -8.575  -4.452  -11.972  -7.519  -8.080   4.287   4.584  -7.948 
 205.0   -16.853  -13.588  -6.398  -13.324  -8.410  -9.201   3.694   3.661  -8.674 
 206.0   -20.645  -17.347  -7.915  -14.181  -9.366  -10.125   2.968   2.770  -9.201 
 207.0   -23.152  -20.151  -8.773  -14.676  -10.092  -10.817   2.309   1.847  -9.531 
 208.0   -24.504  -21.998  -9.201  -14.709  -10.455  -11.246   1.649   0.923  -9.729 
 209.0   -25.032  -22.822  -9.432  -14.214  -10.488  -11.378   0.989   0.099  -9.762 
 210.0   -24.966  -22.987  -9.597  -13.489  -10.290  -11.345   0.330  -0.660  -9.696 
 211.0   -24.603  -22.855  -9.696  -12.895  -10.026  -11.213  -0.198  -1.352  -9.465 
 212.0   -24.240  -22.690  -9.828  -12.433  -9.729  -11.081  -0.660  -2.012  -9.168 
 213.0   -24.108  -22.624  -10.026  -12.071  -9.465  -10.949  -1.088  -2.638  -8.773 
 214.0   -24.240  -22.723  -10.323  -11.774  -9.300  -10.850  -1.484  -3.232  -8.311 
 215.0   -24.570  -23.020  -10.653  -11.576  -9.234  -10.751  -1.781  -3.760  -7.783 
 216.0   -24.999  -23.449  -11.048  -11.444  -9.267  -10.587  -1.979  -4.221  -7.223 
 217.0   -25.395  -23.910  -11.444  -11.345  -9.333  -10.356  -2.045  -4.650  -6.662 
 218.0   -25.823  -24.306  -11.774  -11.213  -9.399  -10.092  -1.979  -5.013  -6.068 
 219.0   -26.318  -24.636  -12.038  -11.081  -9.498  -9.762  -1.847  -5.343  -5.475 
 220.0   -26.813  -24.867  -12.203  -10.916  -9.564  -9.333  -1.649  -5.640  -4.947 
 221.0   -27.209  -25.065  -12.302  -10.719  -9.597  -8.839  -1.319  -5.969  -4.419 
 222.0   -27.373  -25.065  -12.302  -10.521  -9.630  -8.278  -0.989  -6.233  -3.991 
 223.0   -27.241  -24.768  -12.104  -10.290  -9.597  -7.651  -0.693  -6.398  -3.595 
 224.0   -26.813  -24.207  -11.774  -10.026  -9.498  -6.992  -0.330  -6.431  -3.232 
 225.0   -26.087  -23.383  -11.312  -9.729  -9.234  -6.266   0.165  -6.365  -2.935 
 226.0   -25.131  -22.360  -10.751  -9.432  -8.872  -5.508   0.660  -6.167  -2.671 
 227.0   -23.910  -21.140  -10.059  -9.102  -8.377  -4.782   1.055  -5.837  -2.408 
 228.0   -22.393  -19.722  -9.234  -8.740  -7.783  -4.057   1.319  -5.277  -2.210 
 229.0   -20.547  -18.172  -8.245  -8.311  -7.091  -3.364   1.385  -4.386  -2.012 
 230.0   -18.436  -16.490  -7.157  -7.816  -6.299  -2.704   1.319  -3.529  -1.847 
 231.0   -16.226  -14.643  -6.068  -7.289  -5.508  -2.111   1.187  -3.001  -1.682 
 232.0   -14.082  -12.796  -5.079  -6.629  -4.749  -1.616   0.989  -2.704  -1.550 
 233.0   -12.071  -11.015  -4.221  -5.870  -4.057  -1.154   0.693  -2.375  -1.385 
 234.0   -10.191  -9.333  -3.430  -5.046  -3.463  -0.759   0.330  -2.045  -1.220 
 235.0   -8.443  -7.717  -2.704  -4.287  -2.968  -0.396   0.000  -1.748  -1.055 
 236.0   -6.860  -6.233  -2.111  -3.562  -2.506  -0.099  -0.330  -1.451  -0.923 
 237.0   -5.475  -4.980  -1.649  -2.869  -2.111   0.099  -0.561  -1.187  -0.759 
 238.0   -4.287  -3.925  -1.319  -2.243  -1.748   0.198  -0.660  -0.989  -0.627 
 239.0   -3.331  -3.034  -1.022  -1.814  -1.451   0.231  -0.660  -0.825  -0.495 
 240.0   -2.539  -2.309  -0.759  -1.484  -1.187   0.264  -0.660  -0.660  -0.396 
 241.0   -1.880  -1.715  -0.561  -1.220  -0.956   0.264  -0.693  -0.528  -0.297 
 242.0   -1.385  -1.253  -0.363  -0.989  -0.726   0.264  -0.660  -0.396  -0.231 
 243.0   -1.022  -0.857  -0.198  -0.792  -0.528   0.264  -0.528  -0.330  -0.165 
 244.0   -0.726  -0.561  -0.066  -0.660  -0.396   0.231  -0.330  -0.264  -0.099 
 245.0   -0.495  -0.330   0.000  -0.561  -0.297   0.198  -0.132  -0.198  -0.066 
 246.0   -0.297  -0.165   0.000  -0.462  -0.198   0.198   0.000  -0.132  -0.033 
 247.0   -0.132  -0.066   0.000  -0.396  -0.132   0.198   0.033  -0.066  -0.033 
 248.0   -0.033   0.000   0.000  -0.363  -0.099   0.165   0.000   0.000   0.000 
 249.0   -0.033   0.000   0.000  -0.297  -0.066   0.132   0.000   0.000   0.000 
 250.0   -0.033   0.000   0.000  -0.231  -0.033   0.132   0.000   0.000   0.033 
 251.0   -0.033   0.000   0.000  -0.165   0.000   0.132   0.000   0.000   0.066 
 252.0    0.000   0.000   0.000  -0.132   0.000   0.099   0.000   0.000   0.066 
 253.0    0.000   0.000   0.000  -0.066   0.000   0.066   0.000   0.000   0.099 
 254.0    0.000   0.000   0.000  -0.033   0.000   0.066   0.000   0.000   0.132 
 255.0    0.000   0.000   0.000   0.000   0.000   0.066   0.000   0.000   0.132 
 256.0    0.000   0.000   0.000   0.000   0.000   0.033   0.000   0.000   0.132 
 257.0    0.000   0.000   0.000   0.000   0.000   0.000   0.000   0.000   0.132 
 258.0    0.000   0.000   0.000   0.000   0.000   0.000   0.000   0.000   0.099 
 259.0    0.000   0.000   0.000   0.000   0.000   0.000   0.000   0.000   0.066 
 260.0    0.000   0.000   0.000   0.000   0.000   0.000   0.000   0.000   0.000 
#&
#Structure Matrix:
#   Wjk   3-Helix      4-Helix      5-Helix      Bend         Beta-Bridge  Beta-strand  Turn         Unclassified 
      1     3.9         73.9          0.0          2.0          0.0          0.0          8.5         11.8      
      2     8.7         67.2          0.0          3.8          0.0          0.0          9.1         11.1      
      3     0.0         40.8          0.0          8.7          1.9          0.0         16.5         32.0      
      4     9.3         31.0          0.0          6.2          4.7          6.2         24.8         17.8      
      5     2.8         22.3          0.0         12.3          4.3         17.1         10.9         30.3      
      6     3.2         17.7          0.0         10.5          2.4         33.1         14.5         18.5      
      7     2.8          0.0          0.0         10.7          0.5         49.1         14.0         22.9      
      8     3.8          0.0          0.0         13.5          0.8         46.0         11.8         24.1      
      9     3.3          3.0          0.0         14.9          2.3         39.4         14.2         22.8      
#&
#Coefficient Matrix:
#   Cji    Alpha        Beta         Turn         Coil         
      1   0.739        0.000        0.124        0.138      
      2   0.672        0.000        0.178        0.149      
      3   0.408        0.000        0.165        0.426      
      4   0.310        0.062        0.341        0.287      
      5   0.223        0.171        0.137        0.469      
      6   0.177        0.331        0.177        0.314      
      7   0.000        0.491        0.168        0.341      
      8   0.000        0.460        0.156        0.384      
      9   0.030        0.394        0.175        0.400      
#&
